50
-56.4269
-20
0
90
0
49.976
-56.4269
-20
0
90
0
49.908
-56.4269
-20
0
90
0
49.818
-56.4269
-20
0
90
0
49.674
-56.4269
-20
0
90
0
49.514
-56.4269
-20
0
90
0
49.298
-56.4269
-20
0
90
0
49.088
-56.4269
-20
0
90
0
48.816
-56.4269
-20
0
90
0
48.528
-56.4269
-20
0
90
0
48.188
-56.4269
-20
0
90
0
47.814
-56.4269
-20
0
90
0
47.43
-56.4269
-20
0
90
0
46.936
-56.4269
-20
0
90
0
46.544
-56.4269
-20
0
90
0
45.974
-56.4269
-20
0
90
0
45.494
-56.4269
-20
0
90
0
44.882
-56.4269
-20
0
90
0
44.342
-56.4269
-20
0
90
0
43.696
-56.4269
-20
0
90
0
43.016
-56.4269
-20
0
90
0
41.798
-56.4269
-20
0
90
0
40.522
-56.4269
-20
0
90
0
39.74
-56.4269
-20
0
90
0
38.972
-56.4269
-20
0
90
0
38.072
-56.4269
-20
0
90
0
37.292
-56.4269
-20
0
90
0
36.374
-56.4269
-20
0
90
0
35.366
-56.4269
-20
0
90
0
34.496
-56.4269
-20
0
90
0
33.416
-56.4269
-20
0
90
0
32.486
-56.4269
-20
0
90
0
31.334
-56.4269
-20
0
90
0
30.344
-56.4269
-20
0
90
0
29.12
-56.4269
-20
0
90
0
28.07
-56.4269
-20
0
90
0
26.702
-56.4269
-20
0
90
0
25.592
-56.4269
-20
0
91.14
0
24.2243
-56.4269
-19.9728
0
92.517
0
22.8486
-56.4269
-19.9123
0
93.903
0
20.3903
-56.4269
-19.7446
0
96.383
0
19.235
-56.4269
-19.6154
0
97.553
0
17.9206
-56.4269
-19.4411
0
98.8875
0
16.7572
-56.4269
-19.2591
0
98.8875
0
15.3523
-56.4269
-19.0394
0
98.8875
0
14.1741
-56.4269
-18.8552
0
98.8875
0
12.6723
-56.4269
-18.6204
0
98.8875
0
11.4793
-56.4269
-18.4338
0
98.8875
0
10.1189
-56.4269
-18.2211
0
98.8875
0
8.75
-56.4269
-18.007
0
98.8875
0
7.45375
-56.4269
-17.8043
0
98.8875
0
6.06809
-56.4269
-17.5877
0
98.8875
0
4.67403
-56.4269
-17.3697
0
98.8875
0
3.27157
-56.4269
-17.1504
0
98.8875
0
1.94371
-56.4269
-16.9427
0
98.8875
0
0.524456
-56.4269
-16.7208
0
98.8875
0
-0.819216
-56.4269
-16.5107
0
98.8875
0
-2.25526
-56.4269
-16.2861
0
98.8875
0
-3.69971
-56.4269
-16.0603
0
98.8875
0
-5.06709
-56.4269
-15.8464
0
98.8875
0
-6.61429
-56.4269
-15.6045
0
98.8875
0
-7.91103
-56.4269
-15.4017
0
98.8875
0
-9.47602
-56.4269
-15.157
0
98.8875
0
-10.875
-56.4269
-14.9382
0
98.8875
0
-12.4578
-56.4269
-14.6907
0
98.8875
0
-13.7842
-56.4269
-14.4833
0
98.8875
0
-15.3847
-56.4269
-14.233
0
98.8875
0
-16.7259
-56.4269
-14.0233
0
98.8875
0
-18.3442
-56.4269
-13.7702
0
98.8875
0
-19.7907
-56.4269
-13.5441
0
98.8875
0
-21.245
-56.4269
-13.3166
0
98.8875
0
-22.9814
-56.4269
-13.0451
0
98.8875
0
-24.2678
-56.4269
-12.844
0
98.8875
0
-25.9306
-56.4269
-12.584
0
98.8875
0
-27.4165
-56.4269
-12.3516
0
98.8875
0
-29.0971
-56.4269
-12.0888
0
98.8875
0
-30.505
-56.4269
-11.8686
0
98.8875
0
-32.2033
-56.4269
-11.6031
0
98.8875
0
-33.626
-56.4269
-11.3806
0
98.8875
0
-35.4375
-56.4269
-11.0973
0
98.8875
0
-36.875
-56.4269
-10.8725
0
98.8875
0
-38.5126
-56.4269
-10.6165
0
98.8875
0
-40.2555
-56.4269
-10.3439
0
98.8875
0
-41.6179
-56.4269
-10.1309
0
98.8875
0
-43.3785
-56.4269
-9.85558
0
98.8875
0
-44.9514
-56.4269
-9.60962
0
98.8875
0
-46.631
-56.4269
-9.34698
0
98.8875
0
-48.2197
-56.4269
-9.09855
0
98.8875
0
-50.0159
-56.4269
-8.81768
0
98.8875
0
-51.6204
-56.4269
-8.56678
0
98.8875
0
-53.3335
-56.4269
-8.29888
0
98.8875
0
-54.9539
-56.4269
-8.04551
0
98.8875
0
-56.6838
-56.4269
-7.77499
0
98.8875
0
-58.4222
-56.4269
-7.50316
0
98.8875
0
-60.0662
-56.4269
-7.24608
0
98.8875
0
-61.8214
-56.4269
-6.97162
0
98.8875
0
-63.4812
-56.4269
-6.71206
0
98.8875
0
-65.3574
-56.4269
-6.41868
0
98.8875
0
-67.0331
-56.4269
-6.15666
0
98.8875
0
-68.8218
-56.4269
-5.87694
0
98.8875
0
-70.619
-56.4269
-5.59592
0
98.8875
0
-72.4245
-56.4269
-5.31358
0
98.8875
0
-74.1318
-56.4269
-5.04661
0
98.8875
0
-75.8469
-56.4269
-4.77841
0
98.8875
0
-77.6777
-56.4269
-4.49213
0
98.8875
0
-79.4087
-56.4269
-4.22145
0
98.8875
0
-81.3649
-56.4269
-3.91555
0
98.8875
0
-83.0025
-56.4269
-3.65948
0
98.8875
0
-85.1958
-56.4269
-3.3165
0
98.8875
0
-86.8483
-56.4269
-3.05811
0
98.8875
0
-88.6187
-56.4269
-2.78125
0
98.8875
0
-90.3971
-56.4269
-2.50316
0
98.8875
0
-92.4067
-56.4269
-2.18892
0
98.8875
0
-94.2009
-56.4269
-1.90835
0
100.712
0
-95.9931
-56.4269
-1.56934
0
102.544
0
-98.1167
-56.4269
-1.09686
0
104.729
0
-99.8962
-56.4269
-0.629062
0
106.576
0
-101.778
-56.4269
-0.0688847
0
108.549
0
-103.428
-56.4269
0.484622
0
110.296
0
-105.395
-56.4269
1.21201
0
112.402
0
-107.017
-56.4269
1.88084
0
114.164
0
-109.054
-56.4269
2.79473
0
116.406
0
-110.745
-56.4269
3.6344
0
116.406
0
-112.549
-56.4269
4.53032
0
116.406
0
-114.361
-56.4269
5.43002
0
116.406
0
-116.181
-56.4269
6.3335
0
116.406
0
-118.008
-56.4269
7.24077
0
116.406
0
-119.627
-56.4269
8.04463
0
116.406
0
-121.578
-56.4269
9.01326
0
116.406
0
-123.428
-56.4269
9.93187
0
116.406
0
-125.285
-56.4269
10.8543
0
116.406
0
-126.931
-56.4269
11.6715
0
116.406
0
-128.804
-56.4269
12.6014
0
116.406
0
-130.574
-56.4269
13.4802
0
118.39
0
-132.537
-56.4269
14.5415
0
120.631
0
-134.144
-56.4269
15.493
0
122.506
0
-135.936
-56.4269
16.635
0
124.64
0
-137.795
-56.4269
17.919
0
126.908
0
-139.407
-56.4269
19.1297
0
126.908
0
-141.126
-56.4269
20.4211
0
126.908
0
-142.751
-56.4269
21.6414
0
126.908
0
-144.586
-56.4269
23.0196
0
126.908
0
-146.121
-56.4269
24.1726
0
126.908
0
-148.074
-56.4269
25.6388
0
126.908
0
-149.621
-56.4269
26.8009
0
126.908
0
-151.485
-56.4269
28.2007
0
126.908
0
-153.252
-56.4269
29.5279
0
126.908
0
-156.591
-56.4269
32.0357
0
131.1
0
-158.269
-56.4269
33.4997
0
133.335
0
-159.895
-56.4269
35.0338
0
135.579
0
-161.373
-56.4269
36.5423
0
137.699
0
-162.889
-56.4269
38.2083
0
139.96
0
-164.344
-56.4269
39.9393
0
142.23
0
-165.652
-56.4269
41.6278
0
144.374
0
-166.901
-56.4269
43.3705
0
146.526
0
-168.162
-56.4269
45.2777
0
148.821
0
-169.49
-56.4269
47.4722
0
151.395
0
-171.631
-56.4269
51.398
0
155.883
0
-173.409
-56.4269
55.3701
0
155.883
0
-174.246
-56.4269
57.2389
0
155.883
0
-175.309
-56.4269
59.6147
0
155.883
0
-176.152
-56.4269
61.4972
0
155.883
0
-177.167
-56.4269
63.7644
0
155.883
0
-178.072
-56.4269
65.7869
0
155.883
0
-178.981
-56.4269
67.8168
0
155.883
0
-179.95
-56.4269
69.9813
0
158.263
0
-180.728
-56.4269
71.932
0
160.371
0
-181.625
-56.4269
74.4464
0
163.05
0
-182.2
-56.4269
76.3346
0
165.031
0
-182.858
-56.4269
78.7952
0
167.587
0
-183.316
-56.4269
80.8754
0
169.724
0
-183.773
-56.4269
83.3993
0
172.298
0
-184.061
-56.4269
85.5249
0
174.451
0
-184.311
-56.4269
88.0958
0
174.451
0
-184.533
-56.4269
90.389
0
174.451
0
-184.785
-56.4269
92.9778
0
174.451
0
-184.995
-56.4269
95.1427
0
174.451
0
-185.234
-56.4269
97.6046
0
174.451
0
-185.474
-56.4269
100.075
0
174.451
0
-185.715
-56.4269
102.554
0
174.451
0
-185.971
-56.4269
105.187
0
174.451
0
-186.185
-56.4269
107.389
0
176.671
0
-186.34
-56.4269
110.049
0
179.344
0
-186.365
-56.4269
112.276
0
181.579
0
-186.291
-56.4269
114.957
0
184.27
0
-186.113
-56.4269
117.343
0
186.67
0
-185.817
-56.4269
119.875
0
189.228
0
-185.431
-56.4269
122.252
0
191.636
0
-184.915
-56.4269
124.758
0
191.636
0
-184.338
-56.4269
127.559
0
191.636
0
-183.913
-56.4269
129.623
0
191.636
0
-183.397
-56.4269
132.129
0
191.636
0
-182.911
-56.4269
134.487
0
191.636
0
-182.335
-56.4269
137.288
0
191.636
0
-181.879
-56.4269
139.499
0
191.636
0
-181.363
-56.4269
142.005
0
191.636
0
-180.877
-56.4269
144.363
0
194.044
0
-180.257
-56.4269
146.845
0
196.603
0
-179.569
-56.4269
149.153
0
199.011
0
-178.735
-56.4269
151.572
0
201.57
0
-177.85
-56.4269
153.811
0
203.978
0
-176.81
-56.4269
156.149
0
206.536
0
-175.465
-56.4269
158.842
0
209.546
0
-174.278
-56.4269
160.937
0
209.546
0
-173.016
-56.4269
163.163
0
209.546
0
-171.903
-56.4269
165.127
0
209.546
0
-170.567
-56.4269
167.483
0
209.546
0
-169.38
-56.4269
169.578
0
209.546
0
-168.118
-56.4269
171.804
0
209.546
0
-166.931
-56.4269
173.899
0
209.546
0
-165.669
-56.4269
176.125
0
209.546
0
-164.407
-56.4269
178.35
0
209.546
0
-163.22
-56.4269
180.445
0
209.546
0
-161.81
-56.4269
182.933
0
212.406
0
-159.148
-56.4269
187.126
0
217.372
0
-157.778
-56.4269
188.92
0
219.63
0
-156.05
-56.4269
191.006
0
222.339
0
-154.53
-56.4269
192.675
0
224.596
0
-152.628
-56.4269
194.604
0
227.305
0
-150.968
-56.4269
196.135
0
229.563
0
-148.792
-56.4269
197.99
0
232.422
0
-146.884
-56.4269
199.458
0
232.422
0
-145.095
-56.4269
200.835
0
232.422
0
-142.828
-56.4269
202.579
0
232.422
0
-139.012
-56.4269
205.516
0
232.422
0
-137.103
-56.4269
206.984
0
232.422
0
-134.956
-56.4269
208.636
0
232.422
0
-133.167
-56.4269
210.013
0
234.68
0
-131.08
-56.4269
211.492
0
237.238
0
-129.055
-56.4269
212.795
0
239.646
0
-126.717
-56.4269
214.164
0
242.355
0
-124.317
-56.4269
215.421
0
245.064
0
-122.27
-56.4269
216.373
0
247.322
0
-119.909
-56.4269
217.359
0
249.88
0
-117.648
-56.4269
218.188
0
252.288
0
-115.211
-56.4269
218.966
0
254.847
0
-112.887
-56.4269
219.596
0
257.255
0
-110.245
-56.4269
220.193
0
259.964
0
-107.874
-56.4269
220.613
0
262.372
0
-105.338
-56.4269
220.953
0
264.93
0
-102.939
-56.4269
221.165
0
264.93
0
-100.391
-56.4269
221.391
0
264.93
0
-97.9921
-56.4269
221.604
0
264.93
0
-95.4436
-56.4269
221.83
0
264.93
0
-92.7452
-56.4269
222.07
0
264.93
0
-90.3466
-56.4269
222.283
0
267.338
0
-87.7908
-56.4269
222.401
0
269.897
0
-85.3829
-56.4269
222.406
0
272.305
0
-82.8264
-56.4269
222.303
0
274.863
0
-80.4271
-56.4269
222.099
0
277.271
0
-77.8892
-56.4269
221.775
0
277.271
0
-75.5005
-56.4269
221.47
0
277.271
0
-72.9626
-56.4269
221.146
0
277.271
0
-70.4247
-56.4269
220.822
0
277.271
0
-68.036
-56.4269
220.518
0
277.271
0
-65.3488
-56.4269
220.175
0
277.271
0
-63.1095
-56.4269
219.889
0
277.271
0
-60.4223
-56.4269
219.546
0
277.271
0
-58.0336
-56.4269
219.242
0
277.271
0
-55.3464
-56.4269
218.899
0
274.562
0
-52.946
-56.4269
218.707
0
272.154
0
-50.3894
-56.4269
218.611
0
269.596
0
-48.1319
-56.4269
218.627
0
267.338
0
-45.4258
-56.4269
218.753
0
267.338
0
-42.8701
-56.4269
218.872
0
267.338
0
-40.4647
-56.4269
218.983
0
267.338
0
-37.9089
-56.4269
219.102
0
267.338
0
-35.5035
-56.4269
219.214
0
267.338
0
-32.9478
-56.4269
219.333
0
267.338
0
-30.5424
-56.4269
219.445
0
267.338
0
-27.8363
-56.4269
219.571
0
267.338
0
-25.5813
-56.4269
219.675
0
267.338
0
-22.7248
-56.4269
219.808
0
267.338
0
-20.3194
-56.4269
219.92
0
267.338
0
-17.7637
-56.4269
220.039
0
267.338
0
-15.5086
-56.4269
220.144
0
267.338
0
-12.9529
-56.4269
220.262
0
267.338
0
-10.3972
-56.4269
220.381
0
269.897
0
-7.98917
-56.4269
220.386
0
272.305
0
-5.43274
-56.4269
220.283
0
274.863
0
-3.03341
-56.4269
220.079
0
277.271
0
-0.346192
-56.4269
219.736
0
277.271
0
2.04244
-56.4269
219.431
0
277.271
0
4.72966
-56.4269
219.088
0
277.271
0
6.96901
-56.4269
218.802
0
277.271
0
9.50693
-56.4269
218.479
0
277.271
0
12.1941
-56.4269
218.136
0
277.271
0
14.4335
-56.4269
217.85
0
275.013
0
17.1321
-56.4269
217.613
0
272.304
0
19.5382
-56.4269
217.517
0
269.896
0
22.0967
-56.4269
217.521
0
267.338
0
24.5021
-56.4269
217.633
0
267.338
0
27.0578
-56.4269
217.752
0
267.338
0
29.4632
-56.4269
217.864
0
267.338
0
32.019
-56.4269
217.982
0
267.338
0
34.5747
-56.4269
218.101
0
267.338
0
37.1304
-56.4269
218.22
0
267.338
0
39.3855
-56.4269
218.325
0
267.338
0
41.9412
-56.4269
218.444
0
267.338
0
44.7977
-56.4269
218.577
0
267.338
0
47.0527
-56.4269
218.682
0
267.338
0
49.6085
-56.4269
218.8
0
267.338
0
52.0139
-56.4269
218.912
0
269.746
0
54.7228
-56.4269
218.924
0
272.455
0
56.9783
-56.4269
218.827
0
274.712
0
59.6781
-56.4269
218.605
0
277.422
0
62.0659
-56.4269
218.294
0
279.829
0
64.5869
-56.4269
217.857
0
279.829
0
66.9595
-56.4269
217.446
0
279.829
0
69.4805
-56.4269
217.009
0
279.829
0
72.0014
-56.4269
216.572
0
279.829
0
74.5224
-56.4269
216.136
0
279.829
0
77.0433
-56.4269
215.699
0
279.829
0
79.416
-56.4269
215.288
0
279.829
0
81.6403
-56.4269
214.902
0
279.829
0
83.8647
-56.4269
214.517
0
279.829
0
86.3856
-56.4269
214.08
0
279.829
0
88.7583
-56.4269
213.669
0
279.829
0
91.4275
-56.4269
213.207
0
279.829
0
93.8002
-56.4269
212.796
0
279.829
0
96.1728
-56.4269
212.384
0
279.829
0
98.6937
-56.4269
211.948
0
279.829
0
101.066
-56.4269
211.537
0
277.422
0
103.603
-56.4269
211.206
0
274.863
0
106.003
-56.4269
211.002
0
272.455
0
108.709
-56.4269
210.886
0
272.455
0
110.965
-56.4269
210.789
0
272.455
0
113.671
-56.4269
210.673
0
272.455
0
115.927
-56.4269
210.577
0
272.455
0
118.633
-56.4269
210.46
0
272.455
0
121.039
-56.4269
210.357
0
272.455
0
123.445
-56.4269
210.254
0
272.455
0
126.001
-56.4269
210.145
0
272.455
0
128.557
-56.4269
210.035
0
272.455
0
131.414
-56.4269
209.912
0
272.455
0
133.519
-56.4269
209.822
0
272.455
0
136.226
-56.4269
209.706
0
272.455
0
138.481
-56.4269
209.609
0
272.455
0
141.338
-56.4269
209.487
0
272.455
0
143.593
-56.4269
209.39
0
272.455
0
146.149
-56.4269
209.281
0
272.455
0
148.555
-56.4269
209.178
0
272.455
0
151.111
-56.4269
209.068
0
272.455
0
153.517
-56.4269
208.965
0
272.455
0
156.073
-56.4269
208.855
0
272.455
0
158.78
-56.4269
208.739
0
272.455
0
161.186
-56.4269
208.636
0
272.455
0
163.892
-56.4269
208.52
0
272.455
0
166.298
-56.4269
208.417
0
272.455
0
168.854
-56.4269
208.307
0
272.455
0
171.109
-56.4269
208.211
0
272.455
0
173.816
-56.4269
208.094
0
272.455
0
176.222
-56.4269
207.991
0
272.455
0
178.628
-56.4269
207.888
0
272.455
0
181.184
-56.4269
207.779
0
272.455
0
183.74
-56.4269
207.669
0
272.455
0
186.446
-56.4269
207.553
0
272.455
0
188.702
-56.4269
207.456
0
272.455
0
191.408
-56.4269
207.34
0
272.455
0
193.814
-56.4269
207.237
0
272.455
0
196.521
-56.4269
207.121
0
272.455
0
198.776
-56.4269
207.024
0
272.455
0
201.332
-56.4269
206.915
0
272.455
0
203.738
-56.4269
206.812
0
272.455
0
206.144
-56.4269
206.708
0
272.455
0
208.85
-56.4269
206.592
0
272.455
0
211.256
-56.4269
206.489
0
272.455
0
213.963
-56.4269
206.373
0
272.455
0
216.218
-56.4269
206.277
0
272.455
0
218.925
-56.4269
206.16
0
275.164
0
221.323
-56.4269
205.944
0
277.572
0
224.008
-56.4269
205.587
0
280.281
0
226.229
-56.4269
205.184
0
282.539
0
228.727
-56.4269
204.628
0
285.097
0
231.052
-56.4269
204.001
0
287.505
0
233.492
-56.4269
203.232
0
290.064
0
235.754
-56.4269
202.406
0
292.472
0
238.118
-56.4269
201.428
0
295.03
0
240.709
-56.4269
200.218
0
297.89
0
242.837
-56.4269
199.091
0
300.298
0
245.046
-56.4269
197.801
0
302.856
0
247.195
-56.4269
196.413
0
305.415
0
249.281
-56.4269
194.93
0
307.973
0
251.179
-56.4269
193.448
0
310.381
0
253.128
-56.4269
191.791
0
310.381
0
254.962
-56.4269
190.231
0
310.381
0
256.911
-56.4269
188.573
0
310.381
0
258.86
-56.4269
186.916
0
310.381
0
260.694
-56.4269
185.356
0
310.381
0
262.758
-56.4269
183.6
0
310.381
0
264.478
-56.4269
182.138
0
310.381
0
266.541
-56.4269
180.383
0
310.381
0
268.375
-56.4269
178.823
0
312.789
0
270.364
-56.4269
176.983
0
315.498
0
271.946
-56.4269
175.372
0
317.756
0
273.767
-56.4269
173.367
0
320.465
0
275.204
-56.4269
171.626
0
322.722
0
276.754
-56.4269
169.59
0
325.281
0
278.125
-56.4269
167.611
0
327.689
0
279.493
-56.4269
165.449
0
330.247
0
280.837
-56.4269
163.097
0
332.956
0
281.864
-56.4269
161.086
0
335.214
0
283.063
-56.4269
158.49
0
338.073
0
283.906
-56.4269
156.396
0
340.331
0
284.767
-56.4269
153.987
0
342.889
0
285.475
-56.4269
151.685
0
345.297
0
286.163
-56.4269
149.065
0
348.006
0
286.663
-56.4269
146.709
0
348.006
0
287.164
-56.4269
144.354
0
348.006
0
287.695
-56.4269
141.851
0
348.006
0
288.196
-56.4269
139.496
0
348.006
0
288.759
-56.4269
136.846
0
348.006
0
289.259
-56.4269
134.491
0
348.006
0
289.822
-56.4269
131.841
0
348.006
0
290.291
-56.4269
129.633
0
348.006
0
290.854
-56.4269
126.983
0
350.715
0
291.218
-56.4269
124.755
0
352.973
0
291.531
-56.4269
122.216
0
355.531
0
291.731
-56.4269
119.665
0
358.09
0
291.811
-56.4269
117.258
0
0
0
291.811
-56.4269
114.549
0
2.709
0
291.697
-56.4269
112.144
0
5.117
0
291.469
-56.4269
109.596
0
5.117
0
291.254
-56.4269
107.197
0
5.117
0
290.999
-56.4269
104.349
0
5.117
0
290.798
-56.4269
102.101
0
5.117
0
290.57
-56.4269
99.5522
0
5.117
0
290.355
-56.4269
97.1538
0
5.117
0
290.127
-56.4269
94.6055
0
5.117
0
289.912
-56.4269
92.2071
0
5.117
0
289.684
-56.4269
89.6588
0
5.117
0
289.456
-56.4269
87.1105
0
5.117
0
289.241
-56.4269
84.7121
0
5.117
0
288.999
-56.4269
82.0139
0
5.117
0
288.798
-56.4269
79.7654
0
5.117
0
288.556
-56.4269
77.0672
0
7.826
0
288.229
-56.4269
74.6816
0
10.234
0
287.774
-56.4269
72.1638
0
12.7925
0
287.241
-56.4269
69.8156
0
15.2005
0
286.57
-56.4269
67.3466
0
17.759
0
285.744
-56.4269
64.7667
0
20.468
0
284.902
-56.4269
62.5107
0
20.468
0
284.007
-56.4269
60.1137
0
20.468
0
283.218
-56.4269
57.9987
0
20.468
0
282.27
-56.4269
55.4608
0
20.468
0
281.428
-56.4269
53.2048
0
20.468
0
280.534
-56.4269
50.8078
0
20.468
0
279.692
-56.4269
48.5518
0
20.468
0
278.797
-56.4269
46.1549
0
20.468
0
277.955
-56.4269
43.8989
0
20.468
0
277.06
-56.4269
41.5019
0
23.0265
0
276.001
-56.4269
39.0088
0
25.7355
0
274.955
-56.4269
36.8396
0
28.1435
0
273.748
-56.4269
34.5836
0
30.702
0
272.519
-56.4269
32.5131
0
33.11
0
271.121
-56.4269
30.3701
0
35.6685
0
269.717
-56.4269
28.4138
0
38.0765
0
268.046
-56.4269
26.2813
0
40.7855
0
266.572
-56.4269
24.572
0
40.7855
0
264.802
-56.4269
22.5209
0
40.7855
0
263.328
-56.4269
20.8116
0
40.7855
0
261.656
-56.4269
18.8744
0
40.7855
0
259.985
-56.4269
16.9372
0
40.7855
0
258.314
-56.4269
15
0
40.7855
0
256.643
-56.4269
13.0628
0
40.7855
0
255.07
-56.4269
11.2396
0
40.7855
0
253.3
-56.4269
9.18841
0
43.4945
0
251.746
-56.4269
7.55073
0
45.752
0
249.806
-56.4269
5.66048
0
48.461
0
248.116
-56.4269
4.16347
0
50.7185
0
246.136
-56.4269
2.5436
0
53.277
0
244.085
-56.4269
1.01375
0
55.8355
0
241.968
-56.4269
-0.423026
0
58.394
0
239.789
-56.4269
-1.76387
0
60.9525
0
237.684
-56.4269
-2.93304
0
63.3605
0
235.397
-56.4269
-4.08021
0
63.3605
0
233.244
-56.4269
-5.1599
0
63.3605
0
230.688
-56.4269
-6.44203
0
63.3605
0
228.671
-56.4269
-7.45424
0
63.3605
0
226.384
-56.4269
-8.60141
0
63.3605
0
224.231
-56.4269
-9.68109
0
63.3605
0
221.944
-56.4269
-10.8283
0
63.3605
0
219.792
-56.4269
-11.908
0
63.3605
0
217.505
-56.4269
-13.0551
0
63.3605
0
215.218
-56.4269
-14.2023
0
65.919
0
213.02
-56.4269
-15.1848
0
68.327
0
210.502
-56.4269
-16.1853
0
71.036
0
208.225
-56.4269
-16.9678
0
73.444
0
205.773
-56.4269
-17.6969
0
76.0025
0
203.436
-56.4269
-18.2793
0
78.4105
0
200.93
-56.4269
-18.7933
0
80.969
0
198.552
-56.4269
-19.1713
0
83.377
0
196.01
-56.4269
-19.4664
0
85.9355
0
193.308
-56.4269
-19.6584
0
88.6445
0
190.901
-56.4269
-19.7154
0
91.0525
0
188.343
-56.4269
-19.6684
0
93.611
0
186.09
-56.4269
-19.5262
0
93.611
0
183.386
-56.4269
-19.3556
0
93.611
0
180.983
-56.4269
-19.2039
0
93.611
0
178.429
-56.4269
-19.0428
0
93.611
0
176.026
-56.4269
-18.8911
0
93.611
0
173.323
-56.4269
-18.7205
0
93.611
0
171.07
-56.4269
-18.5783
0
93.611
0
168.366
-56.4269
-18.4077
0
93.611
0
165.813
-56.4269
-18.2466
0
93.611
0
163.409
-56.4269
-18.0949
0
93.611
0
160.856
-56.4269
-17.9338
0
93.611
0
158.303
-56.4269
-17.7726
0
93.611
0
155.749
-56.4269
-17.6115
0
93.611
0
153.496
-56.4269
-17.4693
0
93.611
0
150.793
-56.4269
-17.2987
0
93.611
0
148.54
-56.4269
-17.1565
0
93.611
0
145.836
-56.4269
-16.9859
0
93.611
0
143.433
-56.4269
-16.8342
0
93.611
0
140.879
-56.4269
-16.6731
0
93.611
0
138.176
-56.4269
-16.5025
0
93.611
0
135.923
-56.4269
-16.3603
0
93.611
0
133.369
-56.4269
-16.1991
0
93.611
0
130.966
-56.4269
-16.0475
0
93.611
0
128.262
-56.4269
-15.8769
0
93.611
0
125.859
-56.4269
-15.7252
0
93.611
0
123.306
-56.4269
-15.5641
0
93.611
0
120.903
-56.4269
-15.4124
0
93.611
0
118.349
-56.4269
-15.2513
0
93.611
0
115.946
-56.4269
-15.0996
0
93.611
0
113.393
-56.4269
-14.9385
0
93.611
0
110.839
-56.4269
-14.7773
0
93.611
0
108.436
-56.4269
-14.6257
0
93.611
0
105.732
-56.4269
-14.4551
0
93.611
0
103.479
-56.4269
-14.3129
0
93.611
0
100.776
-56.4269
-14.1423
0
93.611
0
98.3724
-56.4269
-13.9906
0
93.611
0
95.819
-56.4269
-13.8295
0
93.611
0
93.4157
-56.4269
-13.6778
0
91.203
0
90.7073
-56.4269
-13.6209
0
88.494
0
88.3002
-56.4269
-13.6842
0
88.494
0
85.893
-56.4269
-13.7475
0
88.494
0
83.0345
-56.4269
-13.8226
0
88.494
0
80.6273
-56.4269
-13.8859
0
88.494
0
78.0697
-56.4269
-13.9532
0
88.494
0
75.6625
-56.4269
-14.0165
0
88.494
0
72.9545
-56.4269
-14.0877
0
88.494
0
70.6978
-56.4269
-14.147
0
88.494
0
68.1401
-56.4269
-14.2142
0
88.494
0
65.5825
-56.4269
-14.2815
0
88.494
0
63.0249
-56.4269
-14.3487
0
88.494
0
60.6177
-56.4269
-14.412
0
88.494
0
58.0601
-56.4269
-14.4793
0
88.494
0
55.5025
-56.4269
-14.5465
0
88.494
0
52.9449
-56.4269
-14.6137
0
91.0525
0
50.2363
-56.4269
-14.564
0
93.7615
0
47.9837
-56.4269
-14.4159
0
96.019
0
