10
-95.3182
10
0
90
0
9.974
-95.3182
10
0
90
0
9.902
-95.3182
10
0
90
0
9.818
-95.3182
10
0
90
0
9.674
-95.3182
10
0
90
0
9.524
-95.3182
10
0
90
0
9.32
-95.3182
10
0
90
0
9.096
-95.3182
10
0
90
0
8.824
-95.3182
10
0
90
0
8.5
-95.3182
10
0
90
0
8.18
-95.3182
10
0
90
0
7.586
-95.3182
10
0
90
0
6.842
-95.3182
10
0
90
0
6.452
-95.3182
10
0
90
0
5.976
-95.3182
10
0
90
0
5.496
-95.3182
10
0
90
0
4.984
-95.3182
10
0
90
0
4.338
-95.3182
10
0
90
0
3.834
-95.3182
10
0
90
0
3.112
-95.3182
10
0
90
0
2.512
-95.3182
10
0
89.37
0
1.71405
-95.3182
9.99123
0
88.534
0
1.09825
-95.3182
9.97547
0
87.89
0
0.270813
-95.3182
9.94498
0
87.026
0
-0.448217
-95.3182
9.90763
0
86.276
0
-1.34632
-95.3182
9.84917
0
85.34
0
-2.17557
-95.3182
9.78158
0
84.476
0
-3.03555
-95.3182
9.69841
0
83.58
0
-4.03723
-95.3182
9.5857
0
82.536
0
-4.95737
-95.3182
9.46515
0
82.536
0
-5.96873
-95.3182
9.33265
0
82.536
0
-6.95232
-95.3182
9.20378
0
82.536
0
-8.0311
-95.3182
9.06245
0
82.536
0
-9.14359
-95.3182
8.9167
0
82.536
0
-10.2898
-95.3182
8.76653
0
82.536
0
-11.3309
-95.3182
8.63013
0
82.536
0
-12.6159
-95.3182
8.46178
0
82.536
0
-13.9366
-95.3182
8.28874
0
82.536
0
-15.067
-95.3182
8.14066
0
82.536
0
-16.4323
-95.3182
7.96178
0
82.536
0
-17.5775
-95.3182
7.81174
0
82.536
0
-18.9607
-95.3182
7.63053
0
81.132
0
-20.1167
-95.3182
7.45016
0
79.9545
0
-21.4308
-95.3182
7.21739
0
78.6115
0
-22.6699
-95.3182
6.9678
0
77.3395
0
-24.0661
-95.3182
6.65416
0
75.8995
0
-25.2299
-95.3182
6.36181
0
74.692
0
-26.4722
-95.3182
6.02177
0
73.396
0
-27.7918
-95.3182
5.62828
0
73.396
0
-29.1195
-95.3182
5.23237
0
73.396
0
-30.534
-95.3182
4.8106
0
73.396
0
-31.7199
-95.3182
4.45697
0
73.396
0
-33.1516
-95.3182
4.03006
0
73.396
0
-34.3519
-95.3182
3.67215
0
73.396
0
-35.8008
-95.3182
3.24009
0
73.396
0
-37.0965
-95.3182
2.85375
0
73.396
0
-38.4812
-95.3182
2.44083
0
73.396
0
-39.7922
-95.3182
2.04992
0
73.396
0
-41.1932
-95.3182
1.63214
0
73.396
0
-42.6024
-95.3182
1.21194
0
73.396
0
-43.9363
-95.3182
0.814168
0
73.396
0
-45.4457
-95.3182
0.364104
0
73.396
0
-46.795
-95.3182
-0.0382395
0
73.396
0
-48.3215
-95.3182
-0.493447
0
73.396
0
-49.6009
-95.3182
-0.87493
0
73.396
0
-51.0589
-95.3182
-1.30971
0
73.396
0
-52.4389
-95.3182
-1.72119
0
73.396
0
-53.9132
-95.3182
-2.16083
0
73.396
0
-55.3085
-95.3182
-2.57689
0
74.86
0
-56.8984
-95.3182
-3.00705
0
76.516
0
-58.4192
-95.3182
-3.37173
0
78.0885
0
-59.8674
-95.3182
-3.67721
0
79.5765
0
-61.4223
-95.3182
-3.96324
0
81.166
0
-62.9005
-95.3182
-4.19299
0
82.67
0
-64.4855
-95.3182
-4.39687
0
82.67
0
-66.0788
-95.3182
-4.60183
0
82.67
0
-67.6806
-95.3182
-4.80788
0
82.67
0
-69.1014
-95.3182
-4.99064
0
82.67
0
-70.7201
-95.3182
-5.19886
0
82.67
0
-72.2515
-95.3182
-5.39585
0
82.67
0
-73.9832
-95.3182
-5.61861
0
82.67
0
-75.6272
-95.3182
-5.83008
0
82.67
0
-77.1824
-95.3182
-6.03013
0
82.67
0
-78.8432
-95.3182
-6.24377
0
82.67
0
-80.4142
-95.3182
-6.44586
0
82.67
0
-82.1906
-95.3182
-6.67436
0
82.67
0
-83.6783
-95.3182
-6.86574
0
82.67
0
-85.4725
-95.3182
-7.09654
0
82.67
0
-86.9752
-95.3182
-7.28983
0
82.67
0
-88.6866
-95.3182
-7.50997
0
82.67
0
-90.4064
-95.3182
-7.7312
0
82.67
0
-92.1346
-95.3182
-7.95352
0
82.67
0
-93.8713
-95.3182
-8.17692
0
82.67
0
-95.5138
-95.3182
-8.3882
0
82.67
0
-97.3705
-95.3182
-8.62704
0
82.67
0
-98.9252
-95.3182
-8.82702
0
82.67
0
-100.8
-95.3182
-9.06816
0
82.67
0
-102.369
-95.3182
-9.27006
0
82.67
0
-104.262
-95.3182
-9.51349
0
82.67
0
-105.952
-95.3182
-9.73089
0
82.67
0
-107.756
-95.3182
-9.96297
0
82.67
0
-109.569
-95.3182
-10.1961
0
82.67
0
-111.282
-95.3182
-10.4166
0
82.67
0
-113.112
-95.3182
-10.6519
0
82.67
0
-114.842
-95.3182
-10.8744
0
82.67
0
-116.796
-95.3182
-11.1259
0
82.67
0
-118.433
-95.3182
-11.3364
0
82.67
0
-120.406
-95.3182
-11.5902
0
82.67
0
-122.167
-95.3182
-11.8168
0
82.67
0
-124.047
-95.3182
-12.0586
0
82.67
0
-125.825
-95.3182
-12.2872
0
82.67
0
-127.721
-95.3182
-12.5312
0
82.67
0
-129.627
-95.3182
-12.7763
0
82.67
0
-131.428
-95.3182
-13.008
0
80.846
0
-133.341
-95.3182
-13.3163
0
78.8995
0
-135.251
-95.3182
-13.6911
0
76.9445
0
-137.156
-95.3182
-14.1327
0
74.981
0
-138.829
-95.3182
-14.5817
0
73.241
0
-140.94
-95.3182
-15.2172
0
71.0275
0
-142.592
-95.3182
-15.7853
0
71.0275
0
-144.473
-95.3182
-16.432
0
71.0275
0
-146.251
-95.3182
-17.0432
0
71.0275
0
-148.148
-95.3182
-17.6954
0
71.0275
0
-150.165
-95.3182
-18.3888
0
71.0275
0
-151.966
-95.3182
-19.0078
0
71.0275
0
-153.887
-95.3182
-19.6683
0
71.0275
0
-155.702
-95.3182
-20.2925
0
71.0275
0
-157.64
-95.3182
-20.9585
0
71.0275
0
-159.47
-95.3182
-21.588
0
71.0275
0
-161.539
-95.3182
-22.299
0
71.0275
0
-163.385
-95.3182
-22.9336
0
71.0275
0
-165.238
-95.3182
-23.5708
0
71.0275
0
-167.216
-95.3182
-24.2506
0
71.0275
0
-169.084
-95.3182
-24.8931
0
71.0275
0
-171.195
-95.3182
-25.6187
0
71.0275
0
-173.197
-95.3182
-26.3068
0
71.0275
0
-175.206
-95.3182
-26.9977
0
71.0275
0
-176.986
-95.3182
-27.6097
0
71.0275
0
-179.131
-95.3182
-28.3471
0
71.0275
0
-180.925
-95.3182
-28.964
0
71.0275
0
-182.967
-95.3182
-29.6659
0
71.0275
0
-185.017
-95.3182
-30.3706
0
71.0275
0
-186.954
-95.3182
-31.0364
0
71.0275
0
-189.141
-95.3182
-31.7884
0
71.0275
0
-191.093
-95.3182
-32.4595
0
71.0275
0
-193.175
-95.3182
-33.1752
0
71.0275
0
-195.142
-95.3182
-33.8514
0
68.9395
0
-197.334
-95.3182
-34.6956
0
66.5815
0
-199.257
-95.3182
-35.5286
0
64.4775
0
-201.512
-95.3182
-36.6051
0
61.9695
0
-203.26
-95.3182
-37.5356
0
59.982
0
-205.21
-95.3182
-38.6625
0
57.721
0
-207.234
-95.3182
-39.941
0
55.318
0
-208.881
-95.3182
-41.0804
0
53.308
0
-210.815
-95.3182
-42.5216
0
50.887
0
-212.38
-95.3182
-43.7944
0
48.862
0
-214.312
-95.3182
-45.4818
0
46.2875
0
-215.781
-95.3182
-46.8864
0
44.2475
0
-217.394
-95.3182
-48.5425
0
41.927
0
-218.854
-95.3182
-50.1674
0
39.735
0
-220.43
-95.3182
-52.0638
0
37.26
0
-221.679
-95.3182
-53.7053
0
35.19
0
-223.031
-95.3182
-55.6226
0
32.8355
0
-224.382
-95.3182
-57.7173
0
30.3335
0
-225.435
-95.3182
-59.5168
0
28.241
0
-226.624
-95.3182
-61.729
0
25.721
0
-227.596
-95.3182
-63.747
0
23.473
0
-228.603
-95.3182
-66.0667
0
20.935
0
-229.308
-95.3182
-67.9104
0
18.954
0
-230.09
-95.3182
-70.1855
0
16.54
0
-230.737
-95.3182
-72.3635
0
14.26
0
-231.368
-95.3182
-74.8494
0
11.686
0
-231.832
-95.3182
-77.09
0
9.39001
0
-232.206
-95.3182
-79.3553
0
7.08601
0
-232.508
-95.3182
-81.7846
0
4.62951
0
-232.695
-95.3182
-84.089
0
2.30951
0
-232.8
-95.3182
-86.6969
0
-0.309493
0
-232.788
-95.3182
-89.0249
0
359
0
-232.744
-95.3182
-91.5065
0
356.509
0
-232.602
-95.3182
-93.8461
0
354.158
0
-232.332
-95.3182
-96.4784
0
351.503
0
-231.984
-95.3182
-98.8125
0
351.503
0
-231.612
-95.3182
-101.301
0
351.503
0
-231.261
-95.3182
-103.651
0
351.503
0
-230.908
-95.3182
-106.009
0
351.503
0
-230.533
-95.3182
-108.522
0
351.503
0
-230.156
-95.3182
-111.044
0
351.503
0
-229.778
-95.3182
-113.575
0
351.503
0
-229.422
-95.3182
-115.956
0
351.503
0
-229.022
-95.3182
-118.635
0
351.503
0
-228.688
-95.3182
-120.868
0
351.503
0
-228.288
-95.3182
-123.547
0
351.503
0
-227.932
-95.3182
-125.929
0
351.503
0
-227.554
-95.3182
-128.459
0
351.503
0
-227.198
-95.3182
-130.841
0
351.503
0
-226.82
-95.3182
-133.371
0
351.503
0
-226.42
-95.3182
-136.051
0
348.793
0
-225.981
-95.3182
-138.265
0
346.536
0
-225.35
-95.3182
-140.9
0
343.827
0
-224.68
-95.3182
-143.212
0
341.419
0
-223.864
-95.3182
-145.638
0
338.86
0
-222.942
-95.3182
-148.024
0
336.302
0
-221.913
-95.3182
-150.367
0
333.743
0
-220.848
-95.3182
-152.526
0
331.335
0
-219.621
-95.3182
-154.771
0
328.777
0
-218.217
-95.3182
-157.088
0
326.068
0
-216.956
-95.3182
-158.961
0
323.81
0
-215.357
-95.3182
-161.147
0
321.101
0
-213.845
-95.3182
-163.021
0
318.693
0
-212.156
-95.3182
-164.943
0
316.135
0
-210.487
-95.3182
-166.679
0
313.727
0
-208.638
-95.3182
-168.448
0
311.168
0
-206.826
-95.3182
-170.033
0
308.76
0
-204.713
-95.3182
-171.729
0
306.051
0
-202.766
-95.3182
-173.146
0
303.643
0
-200.762
-95.3182
-174.48
0
301.235
0
-198.317
-95.3182
-175.963
0
298.376
0
-196.331
-95.3182
-177.036
0
296.118
0
-194.033
-95.3182
-178.162
0
293.56
0
-191.826
-95.3182
-179.125
0
291.152
0
-189.44
-95.3182
-180.048
0
288.593
0
-187.158
-95.3182
-180.816
0
286.185
0
-184.556
-95.3182
-181.571
0
283.476
0
-182.214
-95.3182
-182.132
0
281.068
0
-179.556
-95.3182
-182.652
0
278.359
0
-177.322
-95.3182
-182.98
0
276.102
0
-174.778
-95.3182
-183.252
0
273.543
0
-172.074
-95.3182
-183.42
0
273.543
0
-169.821
-95.3182
-183.559
0
273.543
0
-167.117
-95.3182
-183.727
0
273.543
0
-164.864
-95.3182
-183.866
0
273.543
0
-162.16
-95.3182
-184.033
0
273.543
0
-159.907
-95.3182
-184.173
0
273.543
0
-157.203
-95.3182
-184.34
0
273.543
0
-154.8
-95.3182
-184.489
0
273.543
0
-152.096
-95.3182
-184.657
0
273.543
0
-149.843
-95.3182
-184.796
0
273.543
0
-147.289
-95.3182
-184.954
0
273.543
0
-144.736
-95.3182
-185.113
0
273.543
0
-142.332
-95.3182
-185.261
0
273.543
0
-139.628
-95.3182
-185.429
0
273.543
0
-137.225
-95.3182
-185.578
0
273.543
0
-134.521
-95.3182
-185.745
0
273.543
0
-132.268
-95.3182
-185.885
0
273.543
0
-129.714
-95.3182
-186.043
0
273.543
0
-127.311
-95.3182
-186.192
0
273.543
0
-124.607
-95.3182
-186.359
0
273.543
0
-122.204
-95.3182
-186.508
0
273.543
0
-119.8
-95.3182
-186.657
0
273.543
0
-117.097
-95.3182
-186.824
0
273.543
0
-114.693
-95.3182
-186.973
0
271.135
0
-112.135
-95.3182
-187.024
0
268.577
0
-109.728
-95.3182
-186.964
0
266.169
0
-106.875
-95.3182
-186.773
0
263.309
0
-104.782
-95.3182
-186.527
0
263.309
0
-102.092
-95.3182
-186.212
0
263.309
0
-99.8496
-95.3182
-185.949
0
263.309
0
-97.3085
-95.3182
-185.651
0
263.309
0
-94.6179
-95.3182
-185.335
0
263.309
0
-92.2263
-95.3182
-185.054
0
263.309
0
-89.6853
-95.3182
-184.756
0
263.309
0
-87.2937
-95.3182
-184.476
0
263.309
0
-84.6031
-95.3182
-184.16
0
263.309
0
-82.361
-95.3182
-183.897
0
263.309
0
-79.6704
-95.3182
-183.582
0
263.309
0
-77.2788
-95.3182
-183.301
0
263.309
0
-74.7377
-95.3182
-183.003
0
263.309
0
-72.3461
-95.3182
-182.722
0
260.901
0
-69.8198
-95.3182
-182.318
0
258.343
0
-67.3141
-95.3182
-181.801
0
255.784
0
-64.9798
-95.3182
-181.21
0
255.784
0
-62.4997
-95.3182
-180.581
0
255.784
0
-60.1654
-95.3182
-179.99
0
255.784
0
-57.5394
-95.3182
-179.325
0
255.784
0
-55.2051
-95.3182
-178.733
0
255.784
0
-52.725
-95.3182
-178.105
0
255.784
0
-50.3907
-95.3182
-177.514
0
255.784
0
-47.9105
-95.3182
-176.885
0
255.784
0
-45.5763
-95.3182
-176.294
0
255.784
0
-43.0961
-95.3182
-175.666
0
255.784
0
-40.616
-95.3182
-175.038
0
255.784
0
-38.2817
-95.3182
-174.446
0
255.784
0
-35.8016
-95.3182
-173.818
0
255.784
0
-33.3214
-95.3182
-173.19
0
255.784
0
-30.8412
-95.3182
-172.561
0
258.343
0
-28.4829
-95.3182
-172.075
0
260.751
0
-25.9577
-95.3182
-171.664
0
263.309
0
-23.5661
-95.3182
-171.383
0
263.309
0
-21.025
-95.3182
-171.085
0
263.309
0
-18.3344
-95.3182
-170.769
0
263.309
0
-16.0923
-95.3182
-170.506
0
263.309
0
-13.4018
-95.3182
-170.191
0
263.309
0
-11.1596
-95.3182
-169.928
0
263.309
0
-8.46909
-95.3182
-169.612
0
263.309
0
-6.07748
-95.3182
-169.331
0
263.309
0
-3.38693
-95.3182
-169.016
0
263.309
0
-0.995332
-95.3182
-168.735
0
263.309
0
1.54574
-95.3182
-168.437
0
263.309
0
3.78787
-95.3182
-168.174
0
263.309
0
6.32895
-95.3182
-167.876
0
263.309
0
8.87002
-95.3182
-167.578
0
263.309
0
11.2616
-95.3182
-167.298
0
263.309
0
13.9522
-95.3182
-166.982
0
263.309
0
16.3438
-95.3182
-166.701
0
263.309
0
19.0343
-95.3182
-166.386
0
263.309
0
21.2765
-95.3182
-166.123
0
263.309
0
23.967
-95.3182
-165.807
0
263.309
0
26.2091
-95.3182
-165.544
0
263.309
0
28.8997
-95.3182
-165.229
0
263.309
0
31.1418
-95.3182
-164.965
0
263.309
0
33.8324
-95.3182
-164.65
0
263.309
0
36.3734
-95.3182
-164.352
0
263.309
0
38.765
-95.3182
-164.071
0
263.309
0
41.1566
-95.3182
-163.791
0
263.309
0
43.2493
-95.3182
-163.545
0
263.309
0
45.9398
-95.3182
-163.23
0
263.309
0
48.182
-95.3182
-162.967
0
263.309
0
50.723
-95.3182
-162.669
0
263.309
0
53.1146
-95.3182
-162.388
0
263.309
0
55.6557
-95.3182
-162.09
0
263.309
0
58.1968
-95.3182
-161.792
0
263.309
0
60.7379
-95.3182
-161.494
0
263.309
0
63.1295
-95.3182
-161.213
0
263.309
0
65.6706
-95.3182
-160.915
0
263.309
0
68.2116
-95.3182
-160.617
0
263.309
0
70.6032
-95.3182
-160.336
0
263.309
0
73.2938
-95.3182
-160.021
0
263.309
0
75.5359
-95.3182
-159.758
0
263.309
0
78.2265
-95.3182
-159.442
0
263.309
0
80.6181
-95.3182
-159.162
0
263.309
0
83.0097
-95.3182
-158.881
0
263.309
0
85.5507
-95.3182
-158.583
0
263.309
0
88.0918
-95.3182
-158.285
0
263.309
0
90.4834
-95.3182
-158.004
0
263.309
0
93.0245
-95.3182
-157.706
0
263.309
0
95.715
-95.3182
-157.391
0
263.309
0
97.9572
-95.3182
-157.128
0
263.309
0
100.648
-95.3182
-156.812
0
263.309
0
102.89
-95.3182
-156.549
0
263.309
0
105.58
-95.3182
-156.234
0
263.309
0
107.972
-95.3182
-155.953
0
263.309
0
110.513
-95.3182
-155.655
0
263.309
0
112.905
-95.3182
-155.374
0
263.309
0
115.446
-95.3182
-155.076
0
263.309
0
117.987
-95.3182
-154.778
0
263.309
0
120.378
-95.3182
-154.498
0
260.901
0
123.053
-95.3182
-154.069
0
258.192
0
125.41
-95.3182
-153.577
0
255.784
0
128.036
-95.3182
-152.911
0
253.075
0
130.196
-95.3182
-152.254
0
250.818
0
132.755
-95.3182
-151.364
0
250.818
0
134.887
-95.3182
-150.622
0
250.818
0
137.303
-95.3182
-149.782
0
250.818
0
139.72
-95.3182
-148.941
0
250.818
0
142.136
-95.3182
-148.1
0
250.818
0
144.553
-95.3182
-147.26
0
250.818
0
146.827
-95.3182
-146.468
0
250.818
0
149.243
-95.3182
-145.628
0
250.818
0
151.518
-95.3182
-144.837
0
250.818
0
154.076
-95.3182
-143.947
0
248.109
0
156.311
-95.3182
-143.049
0
245.701
0
158.78
-95.3182
-141.934
0
242.992
0
160.925
-95.3182
-140.841
0
242.992
0
163.205
-95.3182
-139.679
0
242.992
0
165.35
-95.3182
-138.585
0
242.992
0
167.629
-95.3182
-137.423
0
242.992
0
170.177
-95.3182
-136.125
0
242.992
0
172.054
-95.3182
-135.168
0
242.992
0
174.468
-95.3182
-133.938
0
242.992
0
176.479
-95.3182
-132.913
0
242.992
0
178.893
-95.3182
-131.682
0
240.283
0
180.984
-95.3182
-130.489
0
237.875
0
183.151
-95.3182
-129.128
0
235.316
0
185.131
-95.3182
-127.758
0
235.316
0
187.235
-95.3182
-126.302
0
235.316
0
189.339
-95.3182
-124.846
0
235.316
0
191.319
-95.3182
-123.476
0
235.316
0
193.546
-95.3182
-121.934
0
235.316
0
195.403
-95.3182
-120.65
0
235.316
0
197.63
-95.3182
-119.108
0
235.316
0
199.611
-95.3182
-117.738
0
232.908
0
201.651
-95.3182
-116.195
0
230.35
0
203.506
-95.3182
-114.658
0
227.942
0
205.405
-95.3182
-112.945
0
225.383
0
207.226
-95.3182
-111.148
0
225.383
0
208.94
-95.3182
-109.456
0
225.383
0
210.869
-95.3182
-107.554
0
225.383
0
212.583
-95.3182
-105.862
0
225.383
0
214.404
-95.3182
-104.065
0
225.383
0
216.118
-95.3182
-102.374
0
225.383
0
218.046
-95.3182
-100.471
0
222.674
0
219.577
-95.3182
-98.8116
0
220.417
0
221.333
-95.3182
-96.7491
0
217.708
0
222.806
-95.3182
-94.8441
0
215.3
0
224.197
-95.3182
-92.8788
0
215.3
0
225.676
-95.3182
-90.7907
0
215.3
0
227.067
-95.3182
-88.8255
0
215.3
0
228.633
-95.3182
-86.6145
0
215.3
0
230.024
-95.3182
-84.6493
0
215.3
0
231.502
-95.3182
-82.5612
0
212.741
0
232.805
-95.3182
-80.5358
0
210.333
0
234.173
-95.3182
-78.1976
0
207.624
0
235.22
-95.3182
-76.1975
0
205.367
0
236.38
-95.3182
-73.7497
0
205.367
0
237.412
-95.3182
-71.5738
0
205.367
0
238.443
-95.3182
-69.398
0
205.367
0
239.54
-95.3182
-67.0862
0
205.367
0
240.636
-95.3182
-64.7744
0
205.367
0
241.732
-95.3182
-62.4626
0
205.367
0
242.763
-95.3182
-60.2867
0
202.959
0
243.82
-95.3182
-57.7923
0
200.25
0
244.601
-95.3182
-55.6744
0
197.992
0
245.438
-95.3182
-53.0978
0
197.992
0
246.182
-95.3182
-50.8076
0
197.992
0
246.972
-95.3182
-48.3742
0
197.992
0
247.763
-95.3182
-45.9408
0
197.992
0
248.506
-95.3182
-43.6506
0
197.992
0
249.297
-95.3182
-41.2172
0
197.992
0
250.041
-95.3182
-38.927
0
197.992
0
250.877
-95.3182
-36.3505
0
197.992
0
251.575
-95.3182
-34.2034
0
197.992
0
252.458
-95.3182
-31.4837
0
195.133
0
253.047
-95.3182
-29.3045
0
192.875
0
253.651
-95.3182
-26.6636
0
190.166
0
254.049
-95.3182
-24.4415
0
187.909
0
254.401
-95.3182
-21.9074
0
187.909
0
254.733
-95.3182
-19.5223
0
187.909
0
255.085
-95.3182
-16.9881
0
187.909
0
255.458
-95.3182
-14.3049
0
187.909
0
255.768
-95.3182
-12.0689
0
187.909
0
256.141
-95.3182
-9.38562
0
187.909
0
256.472
-95.3182
-7.00053
0
187.909
0
256.824
-95.3182
-4.46636
0
187.909
0
257.156
-95.3182
-2.08127
0
187.909
0
257.508
-95.3182
0.452898
0
187.909
0
257.86
-95.3182
2.98706
0
187.909
0
258.191
-95.3182
5.37216
0
187.909
0
258.543
-95.3182
7.90632
0
187.909
0
258.895
-95.3182
10.4405
0
187.909
0
259.247
-95.3182
12.9746
0
187.909
0
259.558
-95.3182
15.2107
0
187.909
0
259.931
-95.3182
17.8939
0
187.909
0
260.241
-95.3182
20.1299
0
187.909
0
260.593
-95.3182
22.6641
0
187.909
0
260.925
-95.3182
25.0492
0
187.909
0
261.277
-95.3182
27.5834
0
187.909
0
261.629
-95.3182
30.1175
0
187.909
0
261.96
-95.3182
32.5026
0
187.909
0
262.312
-95.3182
35.0368
0
187.909
0
262.664
-95.3182
37.5709
0
187.909
0
263.016
-95.3182
40.1051
0
187.909
0
263.348
-95.3182
42.4902
0
187.909
0
263.7
-95.3182
45.0244
0
187.909
0
264.031
-95.3182
47.4095
0
187.909
0
264.383
-95.3182
49.9436
0
187.909
0
264.735
-95.3182
52.4778
0
187.909
0
265.066
-95.3182
54.8629
0
187.909
0
265.418
-95.3182
57.3971
0
187.909
0
265.771
-95.3182
59.9312
0
187.909
0
266.123
-95.3182
62.4654
0
187.909
0
266.454
-95.3182
64.8505
0
187.909
0
266.806
-95.3182
67.3847
0
187.909
0
267.137
-95.3182
69.7698
0
187.909
0
267.51
-95.3182
72.453
0
185.2
0
267.715
-95.3182
74.7012
0
182.942
0
267.854
-95.3182
77.4066
0
180.233
0
267.863
-95.3182
79.8146
0
177.825
0
267.766
-95.3182
82.3713
0
177.825
0
267.675
-95.3182
84.7776
0
177.825
0
267.578
-95.3182
87.3342
0
177.825
0
267.481
-95.3182
89.8909
0
177.825
0
267.39
-95.3182
92.2971
0
177.825
0
267.287
-95.3182
95.0042
0
177.825
0
267.201
-95.3182
97.26
0
177.825
0
267.093
-95.3182
100.117
0
177.825
0
267.007
-95.3182
102.373
0
177.825
0
266.91
-95.3182
104.93
0
177.825
0
266.819
-95.3182
107.336
0
177.825
0
266.721
-95.3182
109.893
0
175.267
0
266.51
-95.3182
112.443
0
172.708
0
266.186
-95.3182
114.981
0
170.15
0
265.748
-95.3182
117.501
0
167.591
0
265.23
-95.3182
119.853
0
167.591
0
264.681
-95.3182
122.352
0
167.591
0
264.163
-95.3182
124.704
0
167.591
0
263.581
-95.3182
127.349
0
167.591
0
263.096
-95.3182
129.554
0
167.591
0
262.546
-95.3182
132.053
0
167.591
0
261.996
-95.3182
134.551
0
167.591
0
261.447
-95.3182
137.05
0
167.591
0
260.929
-95.3182
139.402
0
167.591
0
260.412
-95.3182
141.754
0
167.591
0
259.83
-95.3182
144.399
0
167.591
0
259.312
-95.3182
146.751
0
167.591
0
258.763
-95.3182
149.25
0
167.591
0
258.245
-95.3182
151.602
0
167.591
0
257.663
-95.3182
154.247
0
167.591
0
257.146
-95.3182
156.599
0
167.591
0
256.628
-95.3182
158.951
0
167.591
0
256.078
-95.3182
161.45
0
167.591
0
255.561
-95.3182
163.801
0
165.183
0
254.907
-95.3182
166.275
0
162.625
0
254.143
-95.3182
168.717
0
160.066
0
253.219
-95.3182
171.263
0
160.066
0
252.449
-95.3182
173.385
0
160.066
0
251.526
-95.3182
175.932
0
160.066
0
250.756
-95.3182
178.054
0
160.066
0
249.833
-95.3182
180.601
0
160.066
0
249.063
-95.3182
182.723
0
160.066
0
248.139
-95.3182
185.27
0
160.066
0
247.318
-95.3182
187.534
0
160.066
0
246.446
-95.3182
189.939
0
160.066
0
245.625
-95.3182
192.203
0
160.066
0
244.753
-95.3182
194.608
0
160.066
0
243.829
-95.3182
197.155
0
160.066
0
243.008
-95.3182
199.418
0
160.066
0
242.136
-95.3182
201.824
0
160.066
0
241.315
-95.3182
204.087
0
160.066
0
240.443
-95.3182
206.493
0
160.066
0
239.622
-95.3182
208.756
0
160.066
0
238.75
-95.3182
211.161
0
160.066
0
237.929
-95.3182
213.425
0
160.066
0
237.056
-95.3182
215.83
0
160.066
0
236.184
-95.3182
218.236
0
160.066
0
235.363
-95.3182
220.499
0
160.066
0
234.439
-95.3182
223.046
0
160.066
0
233.67
-95.3182
225.168
0
160.066
0
232.695
-95.3182
227.857
0
160.066
0
231.925
-95.3182
229.979
0
160.066
0
231.053
-95.3182
232.384
0
160.066
0
230.232
-95.3182
234.648
0
157.658
0
229.259
-95.3182
237.014
0
155.1
0
228.119
-95.3182
239.471
0
152.391
0
226.933
-95.3182
241.738
0
149.832
0
225.572
-95.3182
244.081
0
149.832
0
224.437
-95.3182
246.032
0
149.832
0
223.152
-95.3182
248.244
0
149.832
0
221.942
-95.3182
250.326
0
149.832
0
220.656
-95.3182
252.538
0
149.832
0
219.446
-95.3182
254.62
0
149.832
0
218.16
-95.3182
256.832
0
149.832
0
216.874
-95.3182
259.044
0
147.274
0
215.491
-95.3182
261.196
0
144.715
0
214.1
-95.3182
263.162
0
142.307
0
212.536
-95.3182
265.187
0
139.749
0
210.883
-95.3182
267.139
0
139.749
0
209.327
-95.3182
268.977
0
139.749
0
207.576
-95.3182
271.045
0
139.749
0
206.118
-95.3182
272.768
0
139.749
0
204.367
-95.3182
274.835
0
139.749
0
202.811
-95.3182
276.673
0
139.749
0
201.255
-95.3182
278.511
0
137.341
0
199.522
-95.3182
280.392
0
134.782
0
197.706
-95.3182
282.195
0
132.224
0
195.7
-95.3182
284.015
0
129.515
0
193.958
-95.3182
285.452
0
129.515
0
191.984
-95.3182
287.079
0
129.515
0
190.127
-95.3182
288.612
0
129.515
0
187.921
-95.3182
290.431
0
129.515
0
186.179
-95.3182
291.868
0
129.515
0
184.205
-95.3182
293.495
0
129.515
0
182.348
-95.3182
295.028
0
129.515
0
180.374
-95.3182
296.656
0
129.515
0
178.516
-95.3182
298.188
0
129.515
0
176.542
-95.3182
299.816
0
129.515
0
174.452
-95.3182
301.539
0
129.515
0
172.711
-95.3182
302.976
0
129.515
0
170.621
-95.3182
304.699
0
126.806
0
168.693
-95.3182
306.142
0
124.398
0
166.458
-95.3182
307.672
0
124.398
0
164.595
-95.3182
308.948
0
124.398
0
162.484
-95.3182
310.393
0
124.398
0
160.497
-95.3182
311.754
0
124.398
0
158.386
-95.3182
313.199
0
124.398
0
156.275
-95.3182
314.644
0
124.398
0
154.164
-95.3182
316.09
0
121.839
0
151.99
-95.3182
317.439
0
119.281
0
149.89
-95.3182
318.617
0
116.873
0
147.607
-95.3182
319.774
0
114.314
0
145.413
-95.3182
320.765
0
111.906
0
143.039
-95.3182
321.72
0
111.906
0
140.805
-95.3182
322.618
0
111.906
0
138.431
-95.3182
323.573
0
111.906
0
136.058
-95.3182
324.527
0
111.906
0
133.824
-95.3182
325.426
0
111.906
0
131.171
-95.3182
326.492
0
109.047
0
129.037
-95.3182
327.229
0
106.789
0
126.443
-95.3182
328.012
0
104.08
0
124.253
-95.3182
328.561
0
101.823
0
121.455
-95.3182
329.147
0
101.823
0
119.392
-95.3182
329.579
0
101.823
0
116.741
-95.3182
330.134
0
101.823
0
114.384
-95.3182
330.627
0
101.823
0
112.027
-95.3182
331.12
0
101.823
0
109.523
-95.3182
331.645
0
101.823
0
107.018
-95.3182
332.169
0
99.2643
0
104.345
-95.3182
332.605
0
96.5553
0
102.102
-95.3182
332.863
0
94.2978
0
99.4007
-95.3182
333.066
0
94.2978
0
97.1495
-95.3182
333.235
0
94.2978
0
94.4481
-95.3182
333.438
0
94.2978
0
92.197
-95.3182
333.607
0
94.2978
0
89.4956
-95.3182
333.81
0
94.2978
0
87.0944
-95.3182
333.99
0
94.2978
0
84.5431
-95.3182
334.182
0
94.2978
0
82.1418
-95.3182
334.363
0
91.8898
0
79.5847
-95.3182
334.447
0
91.8898
0
77.0276
-95.3182
334.531
0
91.8898
0
74.6209
-95.3182
334.611
0
91.8898
0
71.9134
-95.3182
334.7
0
91.8898
0
69.5067
-95.3182
334.78
0
91.8898
0
66.9496
-95.3182
334.864
0
91.8898
0
64.5429
-95.3182
334.943
0
91.8898
0
61.9858
-95.3182
335.028
0
91.8898
0
59.5791
-95.3182
335.107
0
91.8898
0
57.022
-95.3182
335.192
0
91.8898
0
54.4649
-95.3182
335.276
0
91.8898
0
51.9078
-95.3182
335.36
0
91.8898
0
49.3507
-95.3182
335.445
0
91.8898
0
46.944
-95.3182
335.524
0
91.8898
0
44.2365
-95.3182
335.613
0
91.8898
0
41.8298
-95.3182
335.693
0
91.8898
0
39.1222
-95.3182
335.782
0
91.8898
0
36.5651
-95.3182
335.867
0
91.8898
0
34.1584
-95.3182
335.946
0
91.8898
0
31.4509
-95.3182
336.035
0
91.8898
0
29.0442
-95.3182
336.115
0
91.8898
0
26.4871
-95.3182
336.199
0
91.8898
0
24.0804
-95.3182
336.279
0
91.8898
0
21.3729
-95.3182
336.368
0
91.8898
0
19.1166
-95.3182
336.442
0
91.8898
0
16.4091
-95.3182
336.532
0
91.8898
0
14.1528
-95.3182
336.606
0
91.8898
0
11.4453
-95.3182
336.696
0
91.8898
0
9.0386
-95.3182
336.775
0
91.8898
0
6.48149
-95.3182
336.859
0
91.8898
0
3.92438
-95.3182
336.944
0
91.8898
0
1.51769
-95.3182
337.023
0
91.8898
0
-1.03942
-95.3182
337.108
0
91.8898
0
-3.44611
-95.3182
337.187
0
91.8898
0
-6.15363
-95.3182
337.276
0
91.8898
0
-8.56032
-95.3182
337.356
0
91.8898
0
-11.1174
-95.3182
337.44
0
89.3313
0
-13.5253
-95.3182
337.412
0
89.3313
0
-16.0836
-95.3182
337.382
0
89.3313
0
-18.4914
-95.3182
337.354
0
89.3313
0
-21.0498
-95.3182
337.324
0
89.3313
0
-23.6081
-95.3182
337.294
0
89.3313
0
-25.8654
-95.3182
337.268
0
89.3313
0
-28.5742
-95.3182
337.236
0
89.3313
0
-30.9821
-95.3182
337.208
0
89.3313
0
-33.5404
-95.3182
337.179
0
89.3313
0
-35.9482
-95.3182
337.15
0
89.3313
0
-38.5066
-95.3182
337.121
0
89.3313
0
-40.9144
-95.3182
337.092
0
89.3313
0
-43.4727
-95.3182
337.063
0
89.3313
0
-46.0311
-95.3182
337.033
0
89.3313
0
-48.4389
-95.3182
337.005
0
89.3313
0
-51.1477
-95.3182
336.973
0
89.3313
0
-53.4051
-95.3182
336.947
0
89.3313
0
-56.1139
-95.3182
336.915
0
89.3313
0
-58.5217
-95.3182
336.887
0
89.3313
0
-61.08
-95.3182
336.857
0
89.3313
0
-63.4879
-95.3182
336.829
0
89.3313
0
-66.1967
-95.3182
336.798
0
89.3313
0
-68.6045
-95.3182
336.769
0
89.3313
0
-71.0124
-95.3182
336.741
0
89.3313
0
-73.5707
-95.3182
336.711
0
89.3313
0
-76.129
-95.3182
336.682
0
89.3313
0
-78.8378
-95.3182
336.65
0
89.3313
0
-81.2457
-95.3182
336.622
0
89.3313
0
-83.6535
-95.3182
336.594
0
89.3313
0
-86.0614
-95.3182
336.566
0
89.3313
0
-88.7702
-95.3182
336.534
0
89.3313
0
-90.877
-95.3182
336.51
0
89.3313
0
-93.5858
-95.3182
336.478
0
89.3313
0
-95.9937
-95.3182
336.45
0
89.3313
0
-98.552
-95.3182
336.42
0
89.3313
0
-100.96
-95.3182
336.392
0
89.3313
0
-103.518
-95.3182
336.362
0
89.3313
0
-106.076
-95.3182
336.332
0
89.3313
0
-108.635
-95.3182
336.302
0
89.3313
0
-111.193
-95.3182
336.273
0
89.3313
0
-113.601
-95.3182
336.245
0
89.3313
0
-116.31
-95.3182
336.213
0
89.3313
0
-118.567
-95.3182
336.187
0
89.3313
0
-121.125
-95.3182
336.157
0
89.3313
0
-123.533
-95.3182
336.129
0
89.3313
0
-126.092
-95.3182
336.099
0
89.3313
0
-128.499
-95.3182
336.071
0
89.3313
0
-131.058
-95.3182
336.041
0
89.3313
0
-133.767
-95.3182
336.009
0
89.3313
0
-136.024
-95.3182
335.983
0
89.3313
0
-138.883
-95.3182
335.95
0
89.3313
0
-141.141
-95.3182
335.923
0
89.3313
0
-143.699
-95.3182
335.893
0
89.3313
0
-146.107
-95.3182
335.865
0
89.3313
0
-148.816
-95.3182
335.834
0
89.3313
0
-151.073
-95.3182
335.807
0
89.3313
0
-153.631
-95.3182
335.777
0
89.3313
0
-156.19
-95.3182
335.748
0
86.7728
0
-158.744
-95.3182
335.604
0
84.2143
0
-161.289
-95.3182
335.346
0
81.6558
0
-163.672
-95.3182
334.996
0
79.2478
0
-166.333
-95.3182
334.491
0
76.5388
0
-168.529
-95.3182
333.965
0
76.5388
0
-171.017
-95.3182
333.37
0
76.5388
0
-173.505
-95.3182
332.774
0
76.5388
0
-175.994
-95.3182
332.179
0
76.5388
0
-178.335
-95.3182
331.618
0
76.5388
0
-180.824
-95.3182
331.022
0
76.5388
0
-183.165
-95.3182
330.462
0
76.5388
0
-185.654
-95.3182
329.866
0
76.5388
0
-188.288
-95.3182
329.236
0
76.5388
0
-190.484
-95.3182
328.71
0
76.5388
0
-193.118
-95.3182
328.08
0
76.5388
0
-195.46
-95.3182
327.519
0
76.5388
0
-197.948
-95.3182
326.923
0
73.9803
0
-200.263
-95.3182
326.259
0
71.5723
0
-202.69
-95.3182
325.45
0
69.0138
0
-204.938
-95.3182
324.588
0
66.6058
0
-207.425
-95.3182
323.512
0
63.8968
0
-209.993
-95.3182
322.254
0
61.0373
0
-211.968
-95.3182
321.161
0
61.0373
0
-214.338
-95.3182
319.849
0
61.0373
0
-216.445
-95.3182
318.683
0
61.0373
0
-218.815
-95.3182
317.371
0
61.0373
0
-220.79
-95.3182
316.278
0
61.0373
0
-223.16
-95.3182
314.966
0
61.0373
0
-225.136
-95.3182
313.873
0
61.0373
0
-227.506
-95.3182
312.561
0
61.0373
0
-229.613
-95.3182
311.395
0
58.6293
0
-231.797
-95.3182
310.064
0
56.0708
0
-234.045
-95.3182
308.552
0
53.3618
0
-235.856
-95.3182
307.204
0
51.1043
0
-237.848
-95.3182
305.598
0
48.5458
0
-239.765
-95.3182
303.904
0
45.9873
0
-241.605
-95.3182
302.126
0
43.4288
0
-243.26
-95.3182
300.378
0
41.0208
0
-244.94
-95.3182
298.447
0
38.4623
0
-246.437
-95.3182
296.562
0
36.0543
0
-248.032
-95.3182
294.372
0
33.3453
0
-249.355
-95.3182
292.36
0
30.9373
0
-250.593
-95.3182
290.295
0
28.5293
0
-251.887
-95.3182
287.915
0
25.8203
0
-252.936
-95.3182
285.747
0
23.4123
0
-253.953
-95.3182
283.399
0
20.8538
0
-254.756
-95.3182
281.29
0
18.5963
0
-255.572
-95.3182
278.865
0
16.0378
0
-256.238
-95.3182
276.55
0
13.6298
0
-256.876
-95.3182
273.918
0
10.9208
0
-257.332
-95.3182
271.553
0
8.51284
0
-257.689
-95.3182
269.172
0
6.10484
0
-257.961
-95.3182
266.628
0
3.54634
0
-258.11
-95.3182
264.224
0
1.13834
0
-258.163
-95.3182
261.516
0
359
0
-258.121
-95.3182
259.108
0
356.592
0
-257.969
-95.3182
256.554
0
354.034
0
-257.719
-95.3182
254.159
0
351.626
0
-257.346
-95.3182
251.628
0
349.067
0
-256.89
-95.3182
249.264
0
346.659
0
-256.265
-95.3182
246.628
0
343.95
0
-255.599
-95.3182
244.314
0
341.542
0
-254.789
-95.3182
241.887
0
338.984
0
-253.925
-95.3182
239.639
0
336.576
0
-252.848
-95.3182
237.154
0
333.867
0
-251.655
-95.3182
234.721
0
331.158
0
-250.494
-95.3182
232.612
0
328.75
0
-249.088
-95.3182
230.296
0
326.04
0
-247.827
-95.3182
228.424
0
323.783
0
-246.227
-95.3182
226.238
0
321.074
0
-244.808
-95.3182
224.482
0
318.816
0
-243.024
-95.3182
222.443
0
316.107
0
-241.355
-95.3182
220.708
0
313.699
0
-239.614
-95.3182
219.044
0
311.291
0
-237.578
-95.3182
217.257
0
308.582
0
-235.578
-95.3182
215.661
0
306.024
0
-233.509
-95.3182
214.156
0
303.465
0
-231.5
-95.3182
212.828
0
301.057
0
-229.309
-95.3182
211.508
0
298.499
0
-227.325
-95.3182
210.431
0
296.241
0
-225.03
-95.3182
209.3
0
293.683
0
-222.687
-95.3182
208.272
0
291.124
0
-220.3
-95.3182
207.35
0
288.566
0
-217.732
-95.3182
206.488
0
285.857
0
-215.705
-95.3182
205.912
0
283.75
0
-213.074
-95.3182
205.268
0
283.75
0
-210.881
-95.3182
204.732
0
283.75
0
-208.25
-95.3182
204.088
0
283.75
0
-205.911
-95.3182
203.515
0
283.75
0
-203.279
-95.3182
202.871
0
283.75
0
-201.087
-95.3182
202.335
0
283.75
0
-198.601
-95.3182
201.727
0
283.75
0
-196.262
-95.3182
201.154
0
283.75
0
-193.777
-95.3182
200.546
0
283.75
0
-191.146
-95.3182
199.902
0
283.75
0
-188.807
-95.3182
199.33
0
283.75
0
-186.322
-95.3182
198.722
0
283.75
0
-183.983
-95.3182
198.15
0
283.75
0
-181.351
-95.3182
197.506
0
283.75
0
-179.012
-95.3182
196.933
0
283.75
0
-176.527
-95.3182
196.325
0
283.75
0
-174.335
-95.3182
195.789
0
283.75
0
-171.703
-95.3182
195.145
0
283.75
0
-169.364
-95.3182
194.573
0
283.75
0
-166.879
-95.3182
193.964
0
283.75
0
-164.394
-95.3182
193.356
0
283.75
0
-162.055
-95.3182
192.784
0
283.75
0
-159.57
-95.3182
192.176
0
283.75
0
-157.085
-95.3182
191.568
0
283.75
0
-154.453
-95.3182
190.924
0
283.75
0
-152.26
-95.3182
190.387
0
283.75
0
-149.775
-95.3182
189.779
0
283.75
0
-147.582
-95.3182
189.243
0
283.75
0
-144.951
-95.3182
188.599
0
283.75
0
-142.612
-95.3182
188.026
0
283.75
0
-140.273
-95.3182
187.454
0
283.75
0
-137.642
-95.3182
186.81
0
283.75
0
-135.449
-95.3182
186.274
0
283.75
0
-132.818
-95.3182
185.63
0
283.75
0
-130.479
-95.3182
185.057
0
283.75
0
-127.847
-95.3182
184.413
0
283.75
0
-125.508
-95.3182
183.841
0
283.75
0
-123.023
-95.3182
183.233
0
283.75
0
-120.684
-95.3182
182.661
0
283.75
0
-118.199
-95.3182
182.052
0
283.75
0
-115.714
-95.3182
181.444
0
283.75
0
-113.375
-95.3182
180.872
0
283.75
0
-110.89
-95.3182
180.264
0
283.75
0
-108.551
-95.3182
179.692
0
283.75
0
-105.919
-95.3182
179.048
0
283.75
0
-103.58
-95.3182
178.475
0
283.75
0
-101.095
-95.3182
177.867
0
283.75
0
-98.756
-95.3182
177.295
0
283.75
0
-96.2708
-95.3182
176.687
0
283.75
0
-93.9318
-95.3182
176.114
0
283.75
0
-91.4467
-95.3182
175.506
0
283.75
0
-88.8153
-95.3182
174.862
0
283.75
0
-86.6225
-95.3182
174.326
0
283.75
0
-83.9912
-95.3182
173.682
0
283.75
0
-81.6522
-95.3182
173.11
0
283.75
0
-79.167
-95.3182
172.501
0
283.75
0
-76.828
-95.3182
171.929
0
283.75
0
-74.3428
-95.3182
171.321
0
283.75
0
-72.0038
-95.3182
170.749
0
283.75
0
-69.5187
-95.3182
170.141
0
283.75
0
-67.0335
-95.3182
169.532
0
283.75
0
-64.6945
-95.3182
168.96
0
283.75
0
-62.0631
-95.3182
168.316
0
283.75
0
-59.8703
-95.3182
167.78
0
283.75
0
-57.239
-95.3182
167.136
0
283.75
0
-55.0462
-95.3182
166.599
0
283.75
0
-52.4148
-95.3182
165.955
0
283.75
0
-50.0758
-95.3182
165.383
0
283.75
0
-47.5906
-95.3182
164.775
0
283.75
0
-45.2516
-95.3182
164.203
0
283.75
0
-42.6203
-95.3182
163.559
0
283.75
0
-40.2813
-95.3182
162.986
0
283.75
0
-37.9423
-95.3182
162.414
0
283.75
0
-35.4571
-95.3182
161.806
0
283.75
0
-32.9719
-95.3182
161.198
0
283.75
0
-30.3406
-95.3182
160.554
0
283.75
0
-28.1478
-95.3182
160.017
0
283.75
0
-25.5164
-95.3182
159.373
0
283.75
0
-23.1774
-95.3182
158.801
0
283.75
0
-20.6922
-95.3182
158.193
0
283.75
0
-18.3532
-95.3182
157.621
0
283.75
0
-16.0142
-95.3182
157.048
0
283.75
0
-13.5291
-95.3182
156.44
0
283.75
0
-11.1901
-95.3182
155.868
0
283.75
0
-8.55871
-95.3182
155.224
0
283.75
0
-6.36591
-95.3182
154.687
0
283.75
0
-3.58835
-95.3182
154.008
0
283.75
0
-1.24936
-95.3182
153.435
0
283.75
0
1.23582
-95.3182
152.827
0
283.75
0
3.57481
-95.3182
152.255
0
283.75
0
6.05999
-95.3182
151.647
0
283.75
0
8.39898
-95.3182
151.074
0
283.75
0
10.8842
-95.3182
150.466
0
283.75
0
13.2232
-95.3182
149.894
0
283.75
0
15.7083
-95.3182
149.286
0
283.75
0
18.3397
-95.3182
148.642
0
283.75
0
20.5325
-95.3182
148.105
0
283.75
0
23.0177
-95.3182
147.497
0
283.75
0
25.3567
-95.3182
146.925
0
283.75
0
27.988
-95.3182
146.281
0
283.75
0
30.327
-95.3182
145.709
0
283.75
0
32.8122
-95.3182
145.101
0
283.75
0
35.2974
-95.3182
144.492
0
283.75
0
37.6364
-95.3182
143.92
0
283.75
0
39.8292
-95.3182
143.384
0
283.75
0
42.3144
-95.3182
142.775
0
283.75
0
44.6534
-95.3182
142.203
0
283.75
0
46.9924
-95.3182
141.631
0
283.75
0
49.6237
-95.3182
140.987
0
283.75
0
51.9627
-95.3182
140.415
0
283.75
0
54.4479
-95.3182
139.806
0
283.75
0
56.7869
-95.3182
139.234
0
286.158
0
59.0998
-95.3182
138.564
0
288.566
0
61.3825
-95.3182
137.797
0
290.974
0
63.7715
-95.3182
136.881
0
293.532
0
66.3931
-95.3182
135.74
0
296.392
0
68.685
-95.3182
134.602
0
298.95
0
70.9238
-95.3182
133.364
0
301.509
0
72.9767
-95.3182
132.106
0
303.917
0
75.2248
-95.3182
130.594
0
306.626
0
77.1573
-95.3182
129.157
0
309.034
0
79.1447
-95.3182
127.546
0
311.592
0
80.9456
-95.3182
125.948
0
314
0
82.786
-95.3182
124.17
0
316.559
0
84.5453
-95.3182
122.313
0
319.117
0
86.1213
-95.3182
120.492
0
321.525
0
87.8068
-95.3182
118.371
0
321.525
0
89.2113
-95.3182
116.604
0
321.525
0
90.8968
-95.3182
114.483
0
321.525
0
92.3013
-95.3182
112.716
0
323.783
0
93.9019
-95.3182
110.53
0
326.492
0
95.1482
-95.3182
108.648
0
328.749
0
96.5536
-95.3182
106.332
0
331.458
0
97.7041
-95.3182
104.216
0
333.866
0
98.8311
-95.3182
101.919
0
336.425
0
99.7339
-95.3182
99.8504
0
338.682
0
100.664
-95.3182
97.467
0
341.241
0
101.535
-95.3182
94.9019
0
343.95
0
102.159
-95.3182
92.7324
0
346.207
0
102.805
-95.3182
90.1015
0
348.916
0
103.268
-95.3182
87.7384
0
351.324
0
103.654
-95.3182
85.2092
0
353.883
0
103.911
-95.3182
82.8149
0
356.291
0
104.076
-95.3182
80.2617
0
358.849
0
104.125
-95.3182
77.8542
0
0
0
104.125
-95.3182
75.2957
0
2.5585
0
104.004
-95.3182
72.5894
0
5.2675
0
103.783
-95.3182
70.1916
0
7.6755
0
103.441
-95.3182
67.656
0
10.234
0
103.013
-95.3182
65.2863
0
12.642
0
102.42
-95.3182
62.643
0
15.351
0
101.783
-95.3182
60.3209
0
17.759
0
101.048
-95.3182
58.0276
0
20.167
0
100.166
-95.3182
55.626
0
22.7255
0
99.2358
-95.3182
53.4049
0
25.1335
0
98.0852
-95.3182
50.9524
0
27.8425
0
96.8903
-95.3182
48.6901
0
30.401
0
95.5956
-95.3182
46.4834
0
32.9595
0
94.2855
-95.3182
44.463
0
35.3675
0
92.7175
-95.3182
42.2539
0
38.0765
0
91.3253
-95.3182
40.4768
0
40.334
0
89.5719
-95.3182
38.4118
0
43.043
0
88.031
-95.3182
36.7619
0
45.3005
0
86.1055
-95.3182
34.8564
0
48.0095
0
84.3157
-95.3182
33.2455
0
50.4175
0
82.3439
-95.3182
31.6152
0
52.976
0
80.3012
-95.3182
30.0746
0
55.5345
0
78.3159
-95.3182
28.7119
0
57.9425
0
76.02
-95.3182
27.2741
0
60.6515
0
74.0522
-95.3182
26.1676
0
62.909
0
71.6404
-95.3182
24.9339
0
65.618
0
69.4472
-95.3182
23.9398
0
68.026
0
67.0745
-95.3182
22.9825
0
70.5845
0
64.8035
-95.3182
22.182
0
72.9925
0
62.3569
-95.3182
21.4337
0
75.551
0
60.025
-95.3182
20.8328
0
77.959
0
57.5228
-95.3182
20.2991
0
80.5175
0
54.9993
-95.3182
19.8776
0
83.076
0
52.6089
-95.3182
19.5873
0
83.076
0
49.9196
-95.3182
19.2607
0
83.076
0
47.6786
-95.3182
18.9886
0
83.076
0
44.9893
-95.3182
18.662
0
83.076
0
42.7483
-95.3182
18.3899
0
83.076
0
39.9097
-95.3182
18.0451
0
83.076
0
37.5192
-95.3182
17.7549
0
83.076
0
34.9794
-95.3182
17.4464
0
83.076
0
32.5889
-95.3182
17.1561
0
83.076
0
30.0491
-95.3182
16.8477
0
83.076
0
27.5093
-95.3182
16.5393
0
83.076
0
25.1188
-95.3182
16.249
0
83.076
0
22.579
-95.3182
15.9405
0
83.076
0
20.1885
-95.3182
15.6503
0
83.076
0
17.4993
-95.3182
15.3237
0
83.076
0
15.2583
-95.3182
15.0515
0
83.076
0
12.569
-95.3182
14.725
0
83.076
0
10.1786
-95.3182
14.4347
0
83.076
0
7.63875
-95.3182
14.1262
0
83.076
0
5.24831
-95.3182
13.8359
0
83.076
0
2.70847
-95.3182
13.5275
0
83.076
0
0.168628
-95.3182
13.2191
0
83.076
0
-2.22181
-95.3182
12.9288
0
83.076
0
-4.91105
-95.3182
12.6022
0
83.076
0
-7.15209
-95.3182
12.3301
0
83.076
0
-9.84133
-95.3182
12.0035
0
83.076
0
-12.2318
-95.3182
11.7132
0
83.076
0
-14.7716
-95.3182
11.4048
0
83.076
0
-17.1621
-95.3182
11.1145
0
83.076
0
-19.7019
-95.3182
10.806
0
83.076
0
-22.3911
-95.3182
10.4794
0
83.076
0
-24.4828
-95.3182
10.2254
0
83.076
0
