50
-56.4269
-20
0
90
0
49.976
-56.4269
-20
0
90
0
49.896
-56.4269
-20
0
90
0
49.818
-56.4269
-20
0
90
0
49.682
-56.4269
-20
0
90
0
49.512
-56.4269
-20
0
90
0
49.308
-56.4269
-20
0
90
0
49.084
-56.4269
-20
0
90
0
48.828
-56.4269
-20
0
90
0
48.522
-56.4269
-20
0
90
0
47.962
-56.4269
-20
0
90
0
47.324
-56.4269
-20
0
90
0
46.868
-56.4269
-20
0
90
0
46.478
-56.4269
-20
0
90
0
46.002
-56.4269
-20
0
90
0
45.522
-56.4269
-20
0
90
0
44.946
-56.4269
-20
0
90
0
44.334
-56.4269
-20
0
90
0
43.182
-56.4269
-20
0
90
0
42.612
-56.4269
-20
0
90
0
41.892
-56.4269
-20
0
90
0
41.22
-56.4269
-20
0
90
0
40.472
-56.4269
-20
0
90
0
39.69
-56.4269
-20
0
90
0
38.826
-56.4269
-20
0
90
0
37.226
-56.4269
-20
0
91.664
0
36.4463
-56.4269
-19.9774
0
92.474
0
35.4752
-56.4269
-19.9354
0
93.482
0
34.525
-56.4269
-19.8776
0
94.468
0
33.5998
-56.4269
-19.8053
0
95.428
0
32.5844
-56.4269
-19.7088
0
96.482
0
31.5371
-56.4269
-19.5898
0
96.482
0
30.5197
-56.4269
-19.4742
0
96.482
0
29.4704
-56.4269
-19.355
0
96.482
0
28.1867
-56.4269
-19.2091
0
96.482
0
27.0739
-56.4269
-19.0827
0
96.482
0
25.8577
-56.4269
-18.9445
0
96.482
0
24.6077
-56.4269
-18.8025
0
96.482
0
23.3995
-56.4269
-18.6652
0
96.482
0
22.0313
-56.4269
-18.5098
0
96.482
0
19.6596
-56.4269
-18.2403
0
96.482
0
18.4275
-56.4269
-18.1003
0
96.482
0
17.11
-56.4269
-17.9506
0
96.482
0
15.94
-56.4269
-17.8177
0
96.482
0
14.5271
-56.4269
-17.6572
0
96.482
0
13.2632
-56.4269
-17.5136
0
97.762
0
11.8364
-56.4269
-17.3191
0
99.211
0
10.6445
-56.4269
-17.1258
0
100.426
0
9.36988
-56.4269
-16.8913
0
101.73
0
7.93351
-56.4269
-16.593
0
103.206
0
6.65621
-56.4269
-16.2933
0
103.206
0
5.2908
-56.4269
-15.9729
0
103.206
0
3.91711
-56.4269
-15.6506
0
103.206
0
2.53515
-56.4269
-15.3263
0
103.206
0
1.30847
-56.4269
-15.0384
0
103.206
0
-0.172306
-56.4269
-14.6909
0
103.206
0
-1.57909
-56.4269
-14.3608
0
103.206
0
-2.99416
-56.4269
-14.0288
0
103.206
0
-4.25004
-56.4269
-13.7341
0
103.206
0
-5.68165
-56.4269
-13.3981
0
103.206
0
-7.29094
-56.4269
-13.0205
0
103.206
0
-8.56873
-56.4269
-12.7206
0
103.206
0
-10.0252
-56.4269
-12.3789
0
103.206
0
-11.3176
-56.4269
-12.0756
0
103.206
0
-12.8772
-56.4269
-11.7096
0
103.206
0
-14.2713
-56.4269
-11.3825
0
103.206
0
-15.7609
-56.4269
-11.033
0
103.206
0
-17.1706
-56.4269
-10.7022
0
103.206
0
-18.7653
-56.4269
-10.3279
0
103.206
0
-20.1905
-56.4269
-9.99349
0
103.206
0
-21.6236
-56.4269
-9.65721
0
103.206
0
-23.1545
-56.4269
-9.29797
0
103.206
0
-24.6032
-56.4269
-8.95803
0
103.206
0
-26.2417
-56.4269
-8.57354
0
103.206
0
-27.6144
-56.4269
-8.25142
0
103.206
0
-29.2704
-56.4269
-7.86283
0
103.206
0
-30.7502
-56.4269
-7.51558
0
103.206
0
-32.3308
-56.4269
-7.14469
0
103.206
0
-33.8262
-56.4269
-6.79378
0
103.206
0
-35.6112
-56.4269
-6.37492
0
103.206
0
-37.0277
-56.4269
-6.04252
0
103.206
0
-38.5464
-56.4269
-5.68613
0
103.206
0
-40.3592
-56.4269
-5.26075
0
103.206
0
-41.7976
-56.4269
-4.92321
0
103.206
0
-43.4361
-56.4269
-4.53873
0
103.206
0
-44.986
-56.4269
-4.17503
0
103.206
0
-46.7384
-56.4269
-3.76382
0
103.206
0
-48.3039
-56.4269
-3.39646
0
103.206
0
-49.9755
-56.4269
-3.00421
0
103.206
0
-51.5565
-56.4269
-2.6332
0
103.206
0
-53.2447
-56.4269
-2.23707
0
103.206
0
-54.8413
-56.4269
-1.8624
0
103.206
0
-56.546
-56.4269
-1.46238
0
103.206
0
-58.5613
-56.4269
-0.989487
0
103.206
0
-59.8775
-56.4269
-0.680619
0
103.206
0
-61.8105
-56.4269
-0.227026
0
103.206
0
-63.2416
-56.4269
0.1088
0
103.206
0
-65.0904
-56.4269
0.542632
0
103.206
0
-66.7416
-56.4269
0.930087
0
103.206
0
-68.5042
-56.4269
1.3437
0
103.206
0
-70.1709
-56.4269
1.73481
0
103.206
0
-72.0548
-56.4269
2.17687
0
103.206
0
-73.6319
-56.4269
2.54696
0
103.206
0
-75.5333
-56.4269
2.99313
0
103.206
0
-77.3373
-56.4269
3.41645
0
103.206
0
-79.0429
-56.4269
3.8167
0
103.206
0
-80.8635
-56.4269
4.24391
0
103.206
0
-82.5847
-56.4269
4.64781
0
103.206
0
-84.4218
-56.4269
5.0789
0
103.206
0
-86.1587
-56.4269
5.48646
0
103.206
0
-88.2304
-56.4269
5.97261
0
103.206
0
-89.7637
-56.4269
6.33242
0
103.206
0
-91.7439
-56.4269
6.7971
0
103.206
0
-93.5119
-56.4269
7.21197
0
103.206
0
-95.2877
-56.4269
7.62867
0
103.206
0
-97.1827
-56.4269
8.07335
0
103.206
0
-98.9741
-56.4269
8.4937
0
103.206
0
-100.998
-56.4269
8.96866
0
103.206
0
-102.805
-56.4269
9.39266
0
103.206
0
-104.733
-56.4269
9.84511
0
103.206
0
-106.556
-56.4269
10.2728
0
103.206
0
-108.615
-56.4269
10.756
0
103.206
0
-110.453
-56.4269
11.1873
0
103.206
0
-112.414
-56.4269
11.6475
0
103.206
0
-114.268
-56.4269
12.0825
0
103.206
0
-116.245
-56.4269
12.5466
0
105.246
0
-118.445
-56.4269
13.1461
0
107.535
0
-120.054
-56.4269
13.6544
0
109.229
0
-122.11
-56.4269
14.3717
0
111.416
0
-123.807
-56.4269
15.0372
0
113.246
0
-125.825
-56.4269
15.904
0
115.451
0
-127.705
-56.4269
16.7989
0
117.542
0
-129.668
-56.4269
17.8227
0
119.765
0
-131.383
-56.4269
18.8037
0
119.765
0
-133.213
-56.4269
19.8502
0
119.765
0
-134.942
-56.4269
20.8391
0
119.765
0
-136.679
-56.4269
21.832
0
119.765
0
-138.531
-56.4269
22.8912
0
119.765
0
-140.281
-56.4269
23.892
0
121.789
0
-142.324
-56.4269
25.1582
0
124.202
0
-143.899
-56.4269
26.229
0
126.115
0
-145.753
-56.4269
27.5817
0
128.419
0
-147.358
-56.4269
28.8544
0
130.475
0
-149.02
-56.4269
30.2724
0
132.668
0
-150.537
-56.4269
31.6712
0
134.74
0
-152.193
-56.4269
33.312
0
137.08
0
-153.521
-56.4269
34.74
0
139.037
0
-154.975
-56.4269
36.4153
0
139.037
0
-156.435
-56.4269
38.097
0
139.037
0
-157.814
-56.4269
39.6858
0
139.037
0
-159.372
-56.4269
41.48
0
139.037
0
-160.762
-56.4269
43.0809
0
139.037
0
-162.331
-56.4269
44.8887
0
139.037
0
-163.644
-56.4269
46.4009
0
141.047
0
-165.16
-56.4269
48.2766
0
143.468
0
-166.441
-56.4269
50.0058
0
145.628
0
-167.813
-56.4269
52.0115
0
145.628
0
-170.185
-56.4269
55.4786
0
145.628
0
-171.567
-56.4269
57.4991
0
145.628
0
-172.723
-56.4269
59.1891
0
145.628
0
-174.115
-56.4269
61.2245
0
145.628
0
-175.357
-56.4269
63.0404
0
147.836
0
-176.679
-56.4269
65.1432
0
150.329
0
-177.845
-56.4269
67.189
0
152.692
0
-178.865
-56.4269
69.1651
0
154.924
0
-179.811
-56.4269
71.1868
0
157.164
0
-180.735
-56.4269
73.3802
0
159.553
0
-181.471
-56.4269
75.3549
0
161.668
0
-182.225
-56.4269
77.6303
0
164.074
0
-182.885
-56.4269
79.9435
0
164.074
0
-183.469
-56.4269
81.9917
0
164.074
0
-184.173
-56.4269
84.4582
0
164.074
0
-184.762
-56.4269
86.5209
0
164.074
0
-185.471
-56.4269
89.0047
0
166.665
0
-186.002
-56.4269
91.2466
0
168.977
0
-186.472
-56.4269
93.6578
0
171.442
0
-186.817
-56.4269
95.952
0
173.77
0
-187.101
-56.4269
98.5555
0
176.398
0
-187.239
-56.4269
100.741
0
178.596
0
-187.3
-56.4269
103.231
0
181.095
0
-187.246
-56.4269
106.023
0
183.897
0
-187.106
-56.4269
108.084
0
183.897
0
-186.925
-56.4269
110.742
0
183.897
0
-186.763
-56.4269
113.112
0
183.897
0
-186.591
-56.4269
115.639
0
183.897
0
-186.429
-56.4269
118.026
0
183.897
0
-186.245
-56.4269
120.719
0
183.897
0
-186.081
-56.4269
123.122
0
186.305
0
-185.8
-56.4269
125.665
0
188.864
0
-185.406
-56.4269
128.193
0
191.423
0
-184.929
-56.4269
130.553
0
193.831
0
-184.246
-56.4269
133.33
0
196.69
0
-183.597
-56.4269
135.492
0
198.948
0
-182.815
-56.4269
137.77
0
201.356
0
-181.939
-56.4269
140.012
0
201.356
0
-180.952
-56.4269
142.535
0
201.356
0
-180.075
-56.4269
144.778
0
201.356
0
-179.144
-56.4269
147.161
0
201.356
0
-178.267
-56.4269
149.403
0
203.764
0
-177.175
-56.4269
151.883
0
206.473
0
-176.035
-56.4269
154.173
0
209.031
0
-174.793
-56.4269
156.41
0
211.59
0
-173.532
-56.4269
158.461
0
213.998
0
-172.101
-56.4269
160.582
0
216.556
0
-170.577
-56.4269
162.638
0
216.556
0
-169.143
-56.4269
164.572
0
216.556
0
-167.529
-56.4269
166.748
0
216.556
0
-166.095
-56.4269
168.682
0
216.556
0
-164.571
-56.4269
170.737
0
216.556
0
-163.047
-56.4269
172.793
0
216.556
0
-161.613
-56.4269
174.727
0
218.964
0
-160.099
-56.4269
176.599
0
221.372
0
-158.408
-56.4269
178.519
0
223.931
0
-156.633
-56.4269
180.362
0
226.489
0
-154.887
-56.4269
182.02
0
228.897
0
-152.845
-56.4269
183.801
0
231.606
0
-150.958
-56.4269
185.296
0
231.606
0
-148.835
-56.4269
186.979
0
231.606
0
-145.06
-56.4269
189.97
0
231.606
0
-143.173
-56.4269
191.465
0
231.606
0
-141.168
-56.4269
193.054
0
231.606
0
-139.28
-56.4269
194.55
0
231.606
0
-137.275
-56.4269
196.139
0
231.606
0
-135.152
-56.4269
197.821
0
234.315
0
-133.074
-56.4269
199.314
0
236.874
0
-131.057
-56.4269
200.63
0
239.282
0
-128.858
-56.4269
201.936
0
241.84
0
-126.602
-56.4269
203.144
0
244.399
0
-124.566
-56.4269
204.119
0
244.399
0
-122.259
-56.4269
205.225
0
244.399
0
-119.816
-56.4269
206.396
0
244.399
0
-117.644
-56.4269
207.436
0
244.399
0
-115.065
-56.4269
208.672
0
244.399
0
-110.858
-56.4269
210.688
0
249.064
0
-108.75
-56.4269
211.494
0
251.322
0
-106.326
-56.4269
212.314
0
253.88
0
-104.157
-56.4269
212.941
0
256.138
0
-101.381
-56.4269
213.626
0
258.997
0
-99.1648
-56.4269
214.057
0
261.255
0
-96.6361
-56.4269
214.446
0
261.255
0
-94.1073
-56.4269
214.835
0
261.255
0
-91.5786
-56.4269
215.224
0
261.255
0
-89.1986
-56.4269
215.59
0
261.255
0
-86.6698
-56.4269
215.979
0
261.255
0
-83.9923
-56.4269
216.391
0
261.255
0
-81.7611
-56.4269
216.734
0
263.512
0
-79.219
-56.4269
217.023
0
266.071
0
-76.8166
-56.4269
217.188
0
268.479
0
-74.1086
-56.4269
217.26
0
271.188
0
-71.7011
-56.4269
217.21
0
273.596
0
-68.9975
-56.4269
217.04
0
276.305
0
-66.7536
-56.4269
216.792
0
276.305
0
-64.2106
-56.4269
216.511
0
276.305
0
-61.8172
-56.4269
216.247
0
276.305
0
-59.1245
-56.4269
215.949
0
276.305
0
-56.8807
-56.4269
215.701
0
276.305
0
-54.3377
-56.4269
215.42
0
276.305
0
-51.4955
-56.4269
215.106
0
276.305
0
-49.2516
-56.4269
214.858
0
276.305
0
-46.559
-56.4269
214.561
0
276.305
0
-44.3152
-56.4269
214.313
0
276.305
0
-41.6225
-56.4269
214.016
0
276.305
0
-39.3787
-56.4269
213.768
0
276.305
0
-36.8357
-56.4269
213.487
0
276.305
0
-34.4422
-56.4269
213.222
0
276.305
0
-31.7496
-56.4269
212.925
0
276.305
0
-29.3562
-56.4269
212.66
0
276.305
0
-26.9627
-56.4269
212.396
0
276.305
0
-24.2701
-56.4269
212.098
0
276.305
0
-21.8767
-56.4269
211.834
0
276.305
0
-19.1841
-56.4269
211.537
0
276.305
0
-16.7906
-56.4269
211.272
0
276.305
0
-14.2476
-56.4269
210.991
0
276.305
0
-11.8542
-56.4269
210.727
0
276.305
0
-9.16156
-56.4269
210.429
0
276.305
0
-7.06731
-56.4269
210.198
0
276.305
0
-4.2251
-56.4269
209.884
0
276.305
0
-1.98125
-56.4269
209.636
0
276.305
0
0.711363
-56.4269
209.339
0
276.305
0
3.25439
-56.4269
209.058
0
276.305
0
5.49824
-56.4269
208.81
0
276.305
0
8.34044
-56.4269
208.496
0
273.445
0
10.5939
-56.4269
208.36
0
271.188
0
13.3023
-56.4269
208.304
0
268.479
0
15.559
-56.4269
208.364
0
266.221
0
18.4123
-56.4269
208.552
0
266.221
0
20.6649
-56.4269
208.701
0
266.221
0
23.2178
-56.4269
208.87
0
266.221
0
25.6206
-56.4269
209.028
0
266.221
0
28.3237
-56.4269
209.207
0
266.221
0
30.7264
-56.4269
209.366
0
266.221
0
33.1292
-56.4269
209.524
0
266.221
0
35.8323
-56.4269
209.703
0
266.221
0
38.2351
-56.4269
209.862
0
266.221
0
40.788
-56.4269
210.03
0
266.221
0
43.1908
-56.4269
210.189
0
266.221
0
45.8939
-56.4269
210.367
0
268.93
0
48.3015
-56.4269
210.412
0
271.338
0
50.8593
-56.4269
210.353
0
273.897
0
53.1116
-56.4269
210.199
0
276.154
0
55.8049
-56.4269
209.909
0
278.863
0
58.1842
-56.4269
209.538
0
278.863
0
60.5634
-56.4269
209.167
0
278.863
0
63.2401
-56.4269
208.749
0
278.863
0
65.6193
-56.4269
208.378
0
278.863
0
68.296
-56.4269
207.961
0
278.863
0
70.5265
-56.4269
207.613
0
278.863
0
73.3519
-56.4269
207.173
0
278.863
0
78.1104
-56.4269
206.431
0
278.863
0
80.0435
-56.4269
206.129
0
278.863
0
82.7202
-56.4269
205.712
0
278.863
0
84.802
-56.4269
205.387
0
278.863
0
87.4787
-56.4269
204.97
0
278.863
0
90.4527
-56.4269
204.506
0
278.863
0
92.2372
-56.4269
204.228
0
278.863
0
95.0625
-56.4269
203.787
0
276.004
0
97.3076
-56.4269
203.551
0
273.746
0
100.161
-56.4269
203.364
0
270.887
0
102.418
-56.4269
203.329
0
270.887
0
105.127
-56.4269
203.287
0
270.887
0
107.384
-56.4269
203.252
0
270.887
0
109.942
-56.4269
203.213
0
270.887
0
112.35
-56.4269
203.176
0
270.887
0
114.758
-56.4269
203.138
0
270.887
0
117.466
-56.4269
203.096
0
270.887
0
119.573
-56.4269
203.064
0
270.887
0
122.432
-56.4269
203.02
0
270.887
0
124.69
-56.4269
202.985
0
270.887
0
127.549
-56.4269
202.94
0
270.887
0
129.656
-56.4269
202.908
0
270.887
0
132.515
-56.4269
202.864
0
270.887
0
134.621
-56.4269
202.831
0
270.887
0
137.33
-56.4269
202.789
0
270.887
0
139.888
-56.4269
202.749
0
270.887
0
142.447
-56.4269
202.71
0
270.887
0
145.005
-56.4269
202.67
0
270.887
0
147.412
-56.4269
202.633
0
270.887
0
150.121
-56.4269
202.591
0
270.887
0
152.228
-56.4269
202.559
0
270.887
0
155.087
-56.4269
202.514
0
270.887
0
157.194
-56.4269
202.482
0
270.887
0
160.053
-56.4269
202.437
0
270.887
0
162.31
-56.4269
202.403
0
270.887
0
165.019
-56.4269
202.361
0
270.887
0
167.276
-56.4269
202.326
0
270.887
0
169.985
-56.4269
202.284
0
270.887
0
172.392
-56.4269
202.247
0
270.887
0
174.8
-56.4269
202.209
0
270.887
0
177.659
-56.4269
202.165
0
270.887
0
179.766
-56.4269
202.132
0
270.887
0
182.625
-56.4269
202.088
0
270.887
0
184.883
-56.4269
202.053
0
270.887
0
187.591
-56.4269
202.011
0
273.596
0
189.994
-56.4269
201.86
0
276.004
0
192.389
-56.4269
201.608
0
278.412
0
195.218
-56.4269
201.19
0
281.271
0
197.284
-56.4269
200.778
0
283.378
0
199.92
-56.4269
200.152
0
283.378
0
202.262
-56.4269
199.594
0
283.378
0
204.898
-56.4269
198.968
0
283.378
0
207.094
-56.4269
198.445
0
283.378
0
209.73
-56.4269
197.818
0
283.378
0
211.926
-56.4269
197.296
0
283.378
0
214.561
-56.4269
196.669
0
283.378
0
216.904
-56.4269
196.112
0
283.378
0
219.393
-56.4269
195.52
0
283.378
0
221.882
-56.4269
194.928
0
283.378
0
224.371
-56.4269
194.336
0
283.378
0
227.007
-56.4269
193.709
0
286.087
0
229.031
-56.4269
193.126
0
288.194
0
231.462
-56.4269
192.327
0
290.753
0
233.714
-56.4269
191.474
0
293.161
0
236.343
-56.4269
190.349
0
293.161
0
238.557
-56.4269
189.402
0
293.161
0
240.909
-56.4269
188.396
0
293.161
0
243.538
-56.4269
187.271
0
293.161
0
245.475
-56.4269
186.442
0
293.161
0
247.966
-56.4269
185.377
0
293.161
0
250.041
-56.4269
184.489
0
295.418
0
252.76
-56.4269
183.197
0
298.428
0
254.745
-56.4269
182.122
0
300.686
0
256.945
-56.4269
180.817
0
303.244
0
258.959
-56.4269
179.496
0
305.652
0
261.038
-56.4269
178.005
0
308.211
0
262.93
-56.4269
176.516
0
308.211
0
264.941
-56.4269
174.933
0
308.211
0
267.069
-56.4269
173.258
0
308.211
0
268.961
-56.4269
171.768
0
308.211
0
270.972
-56.4269
170.185
0
310.769
0
272.795
-56.4269
168.613
0
313.177
0
274.771
-56.4269
166.759
0
315.886
0
276.342
-56.4269
165.139
0
318.144
0
278.15
-56.4269
163.121
0
320.853
0
279.575
-56.4269
161.37
0
323.11
0
281.201
-56.4269
159.204
0
325.819
0
282.554
-56.4269
157.211
0
325.819
0
283.907
-56.4269
155.219
0
325.819
0
285.514
-56.4269
152.854
0
325.819
0
286.782
-56.4269
150.986
0
325.819
0
288.219
-56.4269
148.87
0
325.819
0
289.572
-56.4269
146.878
0
328.227
0
291.078
-56.4269
144.447
0
331.087
0
292.169
-56.4269
142.471
0
333.344
0
293.317
-56.4269
140.184
0
335.903
0
294.3
-56.4269
137.986
0
338.311
0
295.246
-56.4269
135.609
0
340.869
0
295.986
-56.4269
133.476
0
343.127
0
296.728
-56.4269
131.027
0
345.685
0
297.398
-56.4269
128.402
0
348.394
0
297.882
-56.4269
126.044
0
350.802
0
298.291
-56.4269
123.518
0
353.361
0
298.552
-56.4269
121.276
0
355.618
0
298.759
-56.4269
118.575
0
358.327
0
298.83
-56.4269
116.168
0
0
0
298.83
-56.4269
113.609
0
0
0
298.83
-56.4269
111.051
0
0
0
298.83
-56.4269
108.492
0
0
0
298.83
-56.4269
106.084
0
0
0
298.83
-56.4269
103.676
0
0
0
298.83
-56.4269
101.118
0
2.5585
0
298.715
-56.4269
98.5618
0
5.117
0
298.474
-56.4269
95.8636
0
7.826
0
298.166
-56.4269
93.6271
0
10.0835
0
297.666
-56.4269
90.8118
0
12.943
0
297.194
-56.4269
88.7583
0
12.943
0
296.587
-56.4269
86.1181
0
12.943
0
296.082
-56.4269
83.918
0
12.943
0
295.475
-56.4269
81.2778
0
12.943
0
294.935
-56.4269
78.931
0
12.943
0
294.396
-56.4269
76.5841
0
12.943
0
293.756
-56.4269
73.7973
0
12.943
0
293.25
-56.4269
71.5972
0
12.943
0
292.643
-56.4269
68.957
0
12.943
0
292.138
-56.4269
66.7569
0
12.943
0
291.531
-56.4269
64.1167
0
12.943
0
291.025
-56.4269
61.9165
0
12.943
0
290.418
-56.4269
59.2764
0
12.943
0
289.879
-56.4269
56.9296
0
15.351
0
289.202
-56.4269
54.4623
0
17.9095
0
288.461
-56.4269
52.171
0
20.3175
0
287.573
-56.4269
49.7717
0
22.876
0
286.461
-56.4269
47.1371
0
25.7355
0
285.416
-56.4269
44.968
0
28.1435
0
284.209
-56.4269
42.712
0
28.1435
0
283.073
-56.4269
40.5887
0
28.1435
0
281.866
-56.4269
38.3327
0
28.1435
0
280.73
-56.4269
36.2094
0
28.1435
0
279.453
-56.4269
33.8206
0
30.8525
0
278.295
-56.4269
31.8826
0
33.11
0
276.815
-56.4269
29.6135
0
35.819
0
275.494
-56.4269
27.7829
0
38.0765
0
273.916
-56.4269
25.7689
0
40.635
0
272.054
-56.4269
23.5989
0
43.4945
0
270.604
-56.4269
22.0704
0
45.6015
0
268.668
-56.4269
20.1751
0
48.3105
0
266.982
-56.4269
18.6736
0
50.568
0
264.89
-56.4269
16.953
0
53.277
0
262.96
-56.4269
15.5131
0
53.277
0
260.909
-56.4269
13.9833
0
53.277
0
258.979
-56.4269
12.5434
0
53.277
0
256.687
-56.4269
10.8336
0
53.277
0
254.878
-56.4269
9.48373
0
53.277
0
252.948
-56.4269
8.04388
0
53.277
0
250.656
-56.4269
6.33405
0
53.277
0
248.967
-56.4269
5.07417
0
53.277
0
246.795
-56.4269
3.45433
0
53.277
0
244.865
-56.4269
2.01448
0
55.685
0
242.628
-56.4269
0.4873
0
58.394
0
240.705
-56.4269
-0.6958
0
58.394
0
238.398
-56.4269
-2.11552
0
58.394
0
236.475
-56.4269
-3.29862
0
58.394
0
234.168
-56.4269
-4.71834
0
58.394
0
232.117
-56.4269
-5.98031
0
58.394
0
229.938
-56.4269
-7.32116
0
58.394
0
227.503
-56.4269
-8.81975
0
58.394
0
225.709
-56.4269
-9.92397
0
58.394
0
223.53
-56.4269
-11.2648
0
58.394
0
221.351
-56.4269
-12.6057
0
60.9525
0
218.982
-56.4269
-13.921
0
63.6615
0
216.959
-56.4269
-14.9226
0
65.919
0
214.486
-56.4269
-16.0279
0
68.628
0
212.384
-56.4269
-16.8506
0
70.8855
0
209.966
-56.4269
-17.6884
0
73.444
0
207.514
-56.4269
-18.4175
0
76.0025
0
205.177
-56.4269
-18.9999
0
78.4105
0
202.524
-56.4269
-19.5441
0
81.1195
0
200.293
-56.4269
-19.8926
0
83.377
0
197.901
-56.4269
-20.1704
0
85.785
0
195.35
-56.4269
-20.3584
0
88.3435
0
192.792
-56.4269
-20.4324
0
90.902
0
190.384
-56.4269
-20.3945
0
90.902
0
187.826
-56.4269
-20.3542
0
90.902
0
185.419
-56.4269
-20.3163
0
90.902
0
182.71
-56.4269
-20.2736
0
90.902
0
180.453
-56.4269
-20.2381
0
90.902
0
177.895
-56.4269
-20.1978
0
90.902
0
175.336
-56.4269
-20.1575
0
90.902
0
172.929
-56.4269
-20.1196
0
90.902
0
170.22
-56.4269
-20.077
0
90.902
0
167.963
-56.4269
-20.0415
0
90.902
0
165.104
-56.4269
-19.9964
0
90.902
0
162.696
-56.4269
-19.9585
0
90.902
0
160.288
-56.4269
-19.9206
0
90.902
0
157.881
-56.4269
-19.8827
0
90.902
0
155.172
-56.4269
-19.8401
0
90.902
0
152.764
-56.4269
-19.8022
0
90.902
0
150.356
-56.4269
-19.7643
0
90.902
0
147.798
-56.4269
-19.724
0
90.902
0
145.24
-56.4269
-19.6837
0
90.902
0
142.531
-56.4269
-19.6411
0
90.902
0
140.274
-56.4269
-19.6055
0
90.902
0
137.716
-56.4269
-19.5653
0
90.902
0
135.308
-56.4269
-19.5273
0
90.902
0
132.449
-56.4269
-19.4823
0
90.902
0
130.192
-56.4269
-19.4468
0
90.902
0
127.634
-56.4269
-19.4065
0
90.902
0
125.226
-56.4269
-19.3686
0
90.902
0
122.668
-56.4269
-19.3283
0
90.902
0
120.11
-56.4269
-19.2881
0
90.902
0
117.702
-56.4269
-19.2502
0
90.902
0
115.144
-56.4269
-19.2099
0
90.902
0
112.736
-56.4269
-19.172
0
90.902
0
110.028
-56.4269
-19.1293
0
90.902
0
107.62
-56.4269
-19.0914
0
90.902
0
105.062
-56.4269
-19.0511
0
90.902
0
102.654
-56.4269
-19.0132
0
90.902
0
99.9453
-56.4269
-18.9706
0
90.902
0
97.5376
-56.4269
-18.9327
0
90.902
0
95.1299
-56.4269
-18.8948
0
93.31
0
92.5756
-56.4269
-18.7471
0
95.8685
0
90.1803
-56.4269
-18.5008
0
95.8685
0
87.4855
-56.4269
-18.2239
0
95.8685
0
85.2398
-56.4269
-17.993
0
95.8685
0
82.545
-56.4269
-17.7161
0
95.8685
0
79.9999
-56.4269
-17.4545
0
95.8685
0
77.4548
-56.4269
-17.1929
0
95.8685
0
75.0594
-56.4269
-16.9467
0
95.8685
0
72.3646
-56.4269
-16.6697
0
95.8685
0
69.9692
-56.4269
-16.4235
0
95.8685
0
67.5739
-56.4269
-16.1773
0
95.8685
0
64.8791
-56.4269
-15.9003
0
95.8685
0
62.4837
-56.4269
-15.6541
0
95.8685
0
59.9386
-56.4269
-15.3925
0
95.8685
0
57.5432
-56.4269
-15.1463
0
95.8685
0
54.8484
-56.4269
-14.8693
0
95.8685
0
52.453
-56.4269
-14.6231
0
95.8685
0
49.9079
-56.4269
-14.3615
0
95.8685
0
47.5126
-56.4269
-14.1153
0
95.8685
0
45.1172
-56.4269
-13.8691
0
95.8685
0
42.123
-56.4269
-13.5613
0
95.8685
0
39.8773
-56.4269
-13.3305
0
95.8685
0
37.1825
-56.4269
-13.0535
0
95.8685
0
34.9368
-56.4269
-12.8227
0
95.8685
0
32.0923
-56.4269
-12.5303
0
95.8685
0
29.8466
-56.4269
-12.2995
0
95.8685
0
27.1518
-56.4269
-12.0225
0
95.8685
0
24.9062
-56.4269
-11.7917
0
95.8685
0
22.2114
-56.4269
-11.5147
0
95.8685
0
19.816
-56.4269
-11.2685
0
95.8685
0
17.5703
-56.4269
-11.0377
0
95.8685
0
15.0252
-56.4269
-10.7761
0
95.8685
0
12.6298
-56.4269
-10.5299
0
95.8685
0
9.93504
-56.4269
-10.2529
0
95.8685
0
7.68937
-56.4269
-10.0221
0
95.8685
0
4.99457
-56.4269
-9.7451
0
95.8685
0
2.7489
-56.4269
-9.51428
0
95.8685
0
0.0540936
-56.4269
-9.23729
0
95.8685
0
-2.34129
-56.4269
-8.99109
0
95.8685
0
-5.03609
-56.4269
-8.7141
0
95.8685
0
-7.28176
-56.4269
-8.48328
0
95.8685
0
-9.82685
-56.4269
-8.22169
0
95.8685
0
-12.3719
-56.4269
-7.96009
0
95.8685
0
-14.7673
-56.4269
-7.71388
0
95.8685
0
-17.4621
-56.4269
-7.4369
0
95.8685
0
-19.7078
-56.4269
-7.20608
0
95.8685
0
-22.4026
-56.4269
-6.9291
0
95.8685
0
-24.798
-56.4269
-6.68289
0
95.8685
0
-27.3431
-56.4269
-6.42129
0
95.8685
0
-29.7384
-56.4269
-6.17509
0
95.8685
0
-32.2835
-56.4269
-5.91349
0
95.8685
0
-34.6789
-56.4269
-5.66728
0
95.8685
0
-37.224
-56.4269
-5.40569
0
95.8685
0
-39.6194
-56.4269
-5.15948
0
95.8685
0
-42.1645
-56.4269
-4.89788
0
95.8685
0
-45.009
-56.4269
-4.60551
0
95.8685
0
-47.4044
-56.4269
-4.3593
0
95.8685
0
-49.7998
-56.4269
-4.1131
0
95.8685
0
-52.1952
-56.4269
-3.86689
0
95.8685
0
-54.89
-56.4269
-3.58991
0
95.8685
0
-57.1356
-56.4269
-3.35909
0
95.8685
0
-59.8304
-56.4269
-3.0821
0
95.8685
0
-62.2258
-56.4269
-2.83589
0
95.8685
0
-64.6212
-56.4269
-2.58969
0
95.8685
0
-67.1663
-56.4269
-2.32809
0
95.8685
0
-69.5617
-56.4269
-2.08188
0
95.8685
0
-72.2565
-56.4269
-1.8049
0
95.8685
0
-74.5021
-56.4269
-1.57408
0
95.8685
0
-77.3466
-56.4269
-1.28171
0
95.8685
0
-79.5923
-56.4269
-1.05089
0
95.8685
0
-82.2871
-56.4269
-0.773907
0
95.8685
0
-84.5328
-56.4269
-0.543087
0
95.8685
0
-87.2276
-56.4269
-0.266103
0
98.5775
0
-89.6086
-56.4269
0.0930426
0
100.985
0
-92.1203
-56.4269
0.580591
0
103.544
0
-94.9002
-56.4269
1.25026
0
106.403
0
-96.9215
-56.4269
1.84528
0
108.51
0
-99.4903
-56.4269
2.70533
0
111.219
0
-101.595
-56.4269
3.52241
0
113.477
0
-104.494
-56.4269
4.7815
0
113.477
0
-106.84
-56.4269
5.80075
0
113.477
0
-109.187
-56.4269
6.82001
0
113.477
0
-113.742
-56.4269
8.79857
0
113.477
0
-115.675
-56.4269
9.63796
0
113.477
0
-117.884
-56.4269
10.5973
0
113.477
0
-120.368
-56.4269
11.6765
0
113.477
0
-122.715
-56.4269
12.6957
0
113.477
0
-125.062
-56.4269
13.715
0
116.035
0
-127.361
-56.4269
14.838
0
118.594
0
-129.607
-56.4269
16.0625
0
121.153
0
-131.668
-56.4269
17.3082
0
123.561
0
-133.925
-56.4269
18.8058
0
123.561
0
-135.932
-56.4269
20.137
0
123.561
0
-138.064
-56.4269
21.5513
0
123.561
0
-140.196
-56.4269
22.9657
0
123.561
0
-142.203
-56.4269
24.2969
0
123.561
0
-144.335
-56.4269
25.7113
0
123.561
0
-148.473
-56.4269
28.4569
0
123.561
0
-150.48
-56.4269
29.788
0
123.561
0
-152.737
-56.4269
31.2856
0
126.27
0
-154.557
-56.4269
32.6211
0
128.527
0
-156.559
-56.4269
34.2148
0
131.086
0
-158.374
-56.4269
35.7973
0
133.494
0
-160.448
-56.4269
37.7654
0
136.353
0
-163.772
-56.4269
41.2503
0
141.169
0
-165.377
-56.4269
43.2433
0
143.728
0
-166.89
-56.4269
45.306
0
146.286
0
-168.394
-56.4269
47.5594
0
148.995
0
-170.797
-56.4269
51.5583
0
153.661
0
-171.999
-56.4269
53.9861
0
153.661
0
-173.068
-56.4269
56.1441
0
153.661
0
-174.203
-56.4269
58.437
0
153.661
0
-175.338
-56.4269
60.7299
0
153.661
0
-176.54
-56.4269
63.1576
0
153.661
0
-178.677
-56.4269
67.4736
0
153.661
0
-180.88
-56.4269
71.9245
0
158.627
0
-181.593
-56.4269
73.7464
0
160.584
0
-182.494
-56.4269
76.3014
0
163.293
0
-183.229
-56.4269
78.7519
0
165.851
0
-183.855
-56.4269
81.2328
0
168.41
0
-184.308
-56.4269
83.4442
0
170.667
0
-184.723
-56.4269
85.9689
0
170.667
0
-185.114
-56.4269
88.345
0
170.667
0
-185.529
-56.4269
90.8696
0
170.667
0
-185.919
-56.4269
93.2458
0
170.667
0
-186.334
-56.4269
95.7704
0
170.667
0
-186.749
-56.4269
98.295
0
170.667
0
-187.14
-56.4269
100.671
0
170.667
0
-187.579
-56.4269
103.344
0
173.376
0
-187.857
-56.4269
105.736
0
175.784
0
-188.045
-56.4269
108.288
0
178.343
0
-188.114
-56.4269
110.695
0
180.751
0
-188.081
-56.4269
113.253
0
183.309
0
-187.942
-56.4269
115.657
0
185.717
0
-187.687
-56.4269
118.203
0
188.276
0
-187.275
-56.4269
121.033
0
191.135
0
-186.84
-56.4269
123.248
0
191.135
0
-186.374
-56.4269
125.61
0
191.135
0
-185.909
-56.4269
127.973
0
191.135
0
-185.386
-56.4269
130.631
0
191.135
0
-184.921
-56.4269
132.994
0
191.135
0
-184.427
-56.4269
135.504
0
191.135
0
-183.962
-56.4269
137.867
0
191.135
0
-183.468
-56.4269
140.377
0
193.694
0
-182.898
-56.4269
142.716
0
196.102
0
-182.23
-56.4269
145.03
0
198.51
0
-181.37
-56.4269
147.599
0
201.219
0
-180.499
-56.4269
149.844
0
203.627
0
-179.353
-56.4269
152.463
0
206.486
0
-178.212
-56.4269
154.753
0
209.045
0
-176.896
-56.4269
157.122
0
209.045
0
-175.727
-56.4269
159.227
0
209.045
0
-174.485
-56.4269
161.464
0
209.045
0
-173.243
-56.4269
163.7
0
209.045
0
-171.928
-56.4269
166.069
0
209.045
0
-169.663
-56.4269
170.147
0
213.71
0
-168.243
-56.4269
172.276
0
216.269
0
-166.818
-56.4269
174.217
0
218.677
0
-165.126
-56.4269
176.332
0
221.386
0
-163.633
-56.4269
178.026
0
223.643
0
-161.66
-56.4269
180.095
0
226.503
0
-159.913
-56.4269
181.753
0
226.503
0
-158.166
-56.4269
183.41
0
226.503
0
-156.419
-56.4269
185.068
0
226.503
0
-154.345
-56.4269
187.036
0
226.503
0
-150.961
-56.4269
190.247
0
226.503
0
-148.995
-56.4269
192.112
0
226.503
0
-147.249
-56.4269
193.769
0
226.503
0
-145.393
-56.4269
195.531
0
226.503
0
-143.537
-56.4269
197.292
0
226.503
0
-141.681
-56.4269
199.053
0
226.503
0
-139.934
-56.4269
200.71
0
228.911
0
-138.006
-56.4269
202.392
0
231.469
0
-136.122
-56.4269
203.892
0
233.877
0
-133.934
-56.4269
205.489
0
236.586
0
-132.05
-56.4269
206.732
0
238.844
0
-129.86
-56.4269
208.056
0
241.402
0
-127.482
-56.4269
209.352
0
244.111
0
-125.315
-56.4269
210.404
0
246.519
0
-123.107
-56.4269
211.363
0
246.519
0
-120.898
-56.4269
212.323
0
246.519
0
-118.551
-56.4269
213.342
0
246.519
0
-116.205
-56.4269
214.362
0
246.519
0
-113.858
-56.4269
215.381
0
246.519
0
-111.649
-56.4269
216.34
0
246.519
0
-109.303
-56.4269
217.36
0
246.519
0
-107.094
-56.4269
218.319
0
248.927
0
-104.707
-56.4269
219.239
0
251.486
0
-102.423
-56.4269
220.004
0
253.894
0
-99.9654
-56.4269
220.714
0
256.452
0
-97.4781
-56.4269
221.313
0
259.011
0
-95.262
-56.4269
221.743
0
261.268
0
-92.5844
-56.4269
222.155
0
263.977
0
-90.1897
-56.4269
222.407
0
266.385
0
-87.486
-56.4269
222.578
0
266.385
0
-85.233
-56.4269
222.72
0
266.385
0
-82.5294
-56.4269
222.891
0
266.385
0
-80.2764
-56.4269
223.033
0
266.385
0
-77.723
-56.4269
223.195
0
266.385
0
-75.1696
-56.4269
223.356
0
266.385
0
-72.6162
-56.4269
223.517
0
266.385
0
-70.0628
-56.4269
223.679
0
266.385
0
-67.6596
-56.4269
223.831
0
266.385
0
-65.1062
-56.4269
223.992
0
266.385
0
-62.5528
-56.4269
224.153
0
266.385
0
-59.9994
-56.4269
224.315
0
268.944
0
-57.7423
-56.4269
224.356
0
271.201
0
-55.0339
-56.4269
224.299
0
273.91
0
-52.6315
-56.4269
224.135
0
276.318
0
-49.9389
-56.4269
223.837
0
276.318
0
-47.396
-56.4269
223.556
0
276.318
0
-45.1522
-56.4269
223.307
0
276.318
0
-42.31
-56.4269
222.992
0
276.318
0
-40.0662
-56.4269
222.744
0
276.318
0
-37.5233
-56.4269
222.462
0
276.318
0
-35.2795
-56.4269
222.214
0
276.318
0
-32.5869
-56.4269
221.916
0
276.318
0
-30.1936
-56.4269
221.651
0
276.318
0
-27.6506
-56.4269
221.369
0
276.318
0
-25.1076
-56.4269
221.088
0
273.76
0
-22.7048
-56.4269
220.93
0
271.352
0
-19.8461
-56.4269
220.862
0
268.492
0
-17.5894
-56.4269
220.922
0
268.492
0
-15.0318
-56.4269
220.989
0
268.492
0
-12.7751
-56.4269
221.049
0
268.492
0
-10.067
-56.4269
221.12
0
268.492
0
-7.65984
-56.4269
221.183
0
268.492
0
-4.95178
-56.4269
221.255
0
268.492
0
-2.69506
-56.4269
221.314
0
268.492
0
0.013001
-56.4269
221.385
0
268.492
0
2.26972
-56.4269
221.445
0
268.492
0
4.97778
-56.4269
221.516
0
268.492
0
7.38495
-56.4269
221.579
0
268.492
0
9.94256
-56.4269
221.647
0
268.492
0
12.5002
-56.4269
221.714
0
268.492
0
14.9073
-56.4269
221.777
0
268.492
0
17.465
-56.4269
221.845
0
268.492
0
19.8721
-56.4269
221.908
0
268.492
0
22.5802
-56.4269
221.979
0
268.492
0
24.8369
-56.4269
222.039
0
270.75
0
27.6962
-56.4269
222.001
0
273.609
0
29.9492
-56.4269
221.859
0
275.867
0
32.4943
-56.4269
221.598
0
278.425
0
35.3229
-56.4269
221.179
0
278.425
0
37.5561
-56.4269
220.848
0
278.425
0
40.0869
-56.4269
220.473
0
278.425
0
42.469
-56.4269
220.12
0
278.425
0
44.9998
-56.4269
219.745
0
278.425
0
47.233
-56.4269
219.415
0
278.425
0
50.0616
-56.4269
218.996
0
278.425
0
52.2948
-56.4269
218.665
0
278.425
0
54.8257
-56.4269
218.29
0
278.425
0
57.0588
-56.4269
217.959
0
278.425
0
59.7386
-56.4269
217.562
0
278.425
0
62.1206
-56.4269
217.21
0
278.425
0
64.6515
-56.4269
216.835
0
275.867
0
67.496
-56.4269
216.542
0
273.007
0
69.7504
-56.4269
216.424
0
270.75
0
72.3086
-56.4269
216.391
0
270.75
0
74.566
-56.4269
216.361
0
270.75
0
77.2747
-56.4269
216.326
0
270.75
0
79.3815
-56.4269
216.298
0
270.75
0
82.0903
-56.4269
216.263
0
270.75
0
84.1971
-56.4269
216.235
0
270.75
0
86.9059
-56.4269
216.199
0
270.75
0
89.3137
-56.4269
216.168
0
270.75
0
91.7215
-56.4269
216.136
0
270.75
0
94.2798
-56.4269
216.103
0
270.75
0
96.8381
-56.4269
216.07
0
270.75
0
99.6973
-56.4269
216.032
0
270.75
0
101.804
-56.4269
216.005
0
270.75
0
104.362
-56.4269
215.971
0
270.75
0
106.77
-56.4269
215.94
0
270.75
0
109.479
-56.4269
215.904
0
270.75
0
112.037
-56.4269
215.871
0
270.75
0
114.445
-56.4269
215.839
0
270.75
0
116.853
-56.4269
215.808
0
270.75
0
119.261
-56.4269
215.776
0
270.75
0
121.819
-56.4269
215.743
0
270.75
0
124.377
-56.4269
215.709
0
273.308
0
127.082
-56.4269
215.553
0
276.017
0
129.327
-56.4269
215.316
0
278.275
0
131.859
-56.4269
214.948
0
278.275
0
134.242
-56.4269
214.601
0
278.275
0
136.922
-56.4269
214.211
0
278.275
0
139.156
-56.4269
213.887
0
278.275
0
141.837
-56.4269
213.497
0
278.275
0
144.22
-56.4269
213.15
0
278.275
0
146.752
-56.4269
212.782
0
278.275
0
149.135
-56.4269
212.435
0
278.275
0
151.667
-56.4269
212.067
0
278.275
0
154.348
-56.4269
211.677
0
278.275
0
156.581
-56.4269
211.352
0
278.275
0
159.262
-56.4269
210.963
0
278.275
0
161.496
-56.4269
210.638
0
278.275
0
164.177
-56.4269
210.248
0
278.275
0
166.56
-56.4269
209.901
0
278.275
0
169.092
-56.4269
209.533
0
278.275
0
171.475
-56.4269
209.187
0
278.275
0
174.007
-56.4269
208.818
0
278.275
0
176.39
-56.4269
208.472
0
278.275
0
178.921
-56.4269
208.104
0
278.275
0
181.602
-56.4269
207.714
0
278.275
0
183.836
-56.4269
207.389
0
278.275
0
186.517
-56.4269
206.999
0
278.275
0
188.9
-56.4269
206.652
0
278.275
0
191.432
-56.4269
206.284
0
278.275
0
193.815
-56.4269
205.938
0
278.275
0
196.347
-56.4269
205.569
0
278.275
0
198.73
-56.4269
205.223
0
278.275
0
201.261
-56.4269
204.855
0
278.275
0
203.793
-56.4269
204.486
0
278.275
0
206.176
-56.4269
204.14
0
278.275
0
208.857
-56.4269
203.75
0
278.275
0
211.24
-56.4269
203.403
0
278.275
0
213.772
-56.4269
203.035
0
278.275
0
216.155
-56.4269
202.689
0
278.275
0
218.836
-56.4269
202.299
0
280.984
0
221.052
-56.4269
201.869
0
283.241
0
223.689
-56.4269
201.248
0
285.95
0
226.004
-56.4269
200.586
0
288.358
0
228.432
-56.4269
199.781
0
290.917
0
230.682
-56.4269
198.921
0
293.325
0
233.169
-56.4269
197.848
0
293.325
0
235.657
-56.4269
196.776
0
293.325
0
237.73
-56.4269
195.882
0
293.325
0
240.217
-56.4269
194.809
0
293.325
0
242.29
-56.4269
193.915
0
293.325
0
244.778
-56.4269
192.843
0
293.325
0
246.989
-56.4269
191.889
0
293.325
0
249.339
-56.4269
190.876
0
295.883
0
251.641
-56.4269
189.759
0
298.442
0
253.89
-56.4269
188.541
0
301
0
256.083
-56.4269
187.223
0
303.559
0
258.09
-56.4269
185.892
0
305.967
0
260.283
-56.4269
184.301
0
308.676
0
262.162
-56.4269
182.796
0
311.084
0
264.204
-56.4269
181.016
0
313.793
0
265.834
-56.4269
179.454
0
316.05
0
267.714
-56.4269
177.503
0
316.05
0
269.281
-56.4269
175.878
0
316.05
0
271.057
-56.4269
174.036
0
316.05
0
272.832
-56.4269
172.194
0
316.05
0
274.503
-56.4269
170.461
0
316.05
0
276.384
-56.4269
168.51
0
316.05
0
278.055
-56.4269
166.777
0
318.458
0
279.751
-56.4269
164.862
0
321.017
0
281.266
-56.4269
162.99
0
323.425
0
282.97
-56.4269
160.693
0
326.284
0
284.14
-56.4269
158.941
0
328.391
0
285.56
-56.4269
156.634
0
331.1
0
286.723
-56.4269
154.526
0
333.508
0
287.798
-56.4269
152.37
0
335.916
0
288.903
-56.4269
149.897
0
338.625
0
289.781
-56.4269
147.655
0
341.033
0
290.661
-56.4269
145.093
0
343.742
0
291.335
-56.4269
142.781
0
343.742
0
292.052
-56.4269
140.325
0
343.742
0
292.684
-56.4269
138.158
0
343.742
0
293.442
-56.4269
135.557
0
343.742
0
294.116
-56.4269
133.245
0
343.742
0
294.832
-56.4269
130.789
0
343.742
0
295.549
-56.4269
128.333
0
346.301
0
296.119
-56.4269
125.994
0
348.709
0
296.649
-56.4269
123.337
0
351.418
0
297.009
-56.4269
120.956
0
353.826
0
297.284
-56.4269
118.412
0
356.384
0
297.436
-56.4269
116.009
0
358.792
0
297.49
-56.4269
113.451
0
0
0
297.49
-56.4269
111.043
0
2.408
0
297.376
-56.4269
108.337
0
5.117
0
297.175
-56.4269
106.088
0
7.3745
0
296.846
-56.4269
103.551
0
9.933
0
296.405
-56.4269
101.031
0
9.933
0
295.989
-56.4269
98.6587
0
9.933
0
295.522
-56.4269
95.9903
0
9.933
0
295.107
-56.4269
93.6184
0
9.933
0
294.665
-56.4269
91.0982
0
9.933
0
294.25
-56.4269
88.7263
0
9.933
0
293.809
-56.4269
86.2062
0
12.4915
0
293.321
-56.4269
84.0021
0
14.749
0
292.669
-56.4269
81.5279
0
17.3075
0
291.953
-56.4269
79.2289
0
19.7155
0
291.09
-56.4269
76.8204
0
22.274
0
289.949
-56.4269
74.035
0
25.284
0
288.985
-56.4269
71.9938
0
27.5415
0
287.802
-56.4269
69.7252
0
27.5415
0
286.688
-56.4269
67.5901
0
27.5415
0
285.505
-56.4269
65.3216
0
27.5415
0
284.392
-56.4269
63.1864
0
27.5415
0
283.139
-56.4269
60.7844
0
27.5415
0
282.095
-56.4269
58.7828
0
27.5415
0
280.843
-56.4269
56.3808
0
27.5415
0
279.729
-56.4269
54.2457
0
27.5415
0
278.616
-56.4269
52.1105
0
27.5415
0
277.433
-56.4269
49.842
0
27.5415
0
276.25
-56.4269
47.5734
0
27.5415
0
275.067
-56.4269
45.3049
0
27.5415
0
273.954
-56.4269
43.1697
0
29.9495
0
272.601
-56.4269
40.8225
0
32.6585
0
271.383
-56.4269
38.9219
0
34.916
0
269.832
-56.4269
36.7005
0
37.625
0
268.454
-56.4269
34.9125
0
39.8825
0
266.621
-56.4269
32.7183
0
42.742
0
265.089
-56.4269
31.0603
0
42.742
0
263.454
-56.4269
29.2918
0
42.742
0
261.616
-56.4269
27.3023
0
42.742
0
259.981
-56.4269
25.5338
0
42.742
0
258.245
-56.4269
23.6548
0
42.742
0
256.611
-56.4269
21.8864
0
42.742
0
254.772
-56.4269
19.8968
0
42.742
0
253.24
-56.4269
18.2389
0
42.742
0
251.401
-56.4269
16.2493
0
42.742
0
249.767
-56.4269
14.4809
0
42.742
0
247.928
-56.4269
12.4913
0
42.742
0
246.294
-56.4269
10.7228
0
42.742
0
244.66
-56.4269
8.95437
0
42.742
0
242.923
-56.4269
7.07536
0
42.742
0
241.187
-56.4269
5.19636
0
45.3005
0
239.368
-56.4269
3.39674
0
47.859
0
237.583
-56.4269
1.78107
0
50.267
0
235.499
-56.4269
0.049451
0
52.976
0
233.697
-56.4269
-1.3099
0
55.2335
0
231.595
-56.4269
-2.76884
0
57.792
0
229.558
-56.4269
-4.05229
0
60.2
0
227.207
-56.4269
-5.3986
0
62.909
0
225.197
-56.4269
-6.42667
0
65.1665
0
222.875
-56.4269
-7.5012
0
65.1665
0
220.417
-56.4269
-8.63893
0
65.1665
0
218.231
-56.4269
-9.65025
0
65.1665
0
215.91
-56.4269
-10.7248
0
65.1665
0
213.724
-56.4269
-11.7361
0
65.1665
0
211.402
-56.4269
-12.8106
0
65.1665
0
209.217
-56.4269
-13.8219
0
65.1665
0
206.758
-56.4269
-14.9597
0
65.1665
0
204.573
-56.4269
-15.971
0
67.5745
0
202.208
-56.4269
-16.947
0
70.133
0
200.085
-56.4269
-17.7142
0
72.3905
0
197.79
-56.4269
-18.4427
0
74.7985
0
195.03
-56.4269
-19.1925
0
77.658
0
192.825
-56.4269
-19.675
0
79.9155
0
190.306
-56.4269
-20.123
0
82.474
0
187.919
-56.4269
-20.4384
0
84.882
0
185.221
-56.4269
-20.6801
0
84.882
0
182.822
-56.4269
-20.8949
0
84.882
0
180.274
-56.4269
-21.1231
0
84.882
0
177.876
-56.4269
-21.3379
0
84.882
0
175.177
-56.4269
-21.5796
0
84.882
0
172.929
-56.4269
-21.781
0
84.882
0
170.381
-56.4269
-22.0092
0
84.882
0
167.832
-56.4269
-22.2374
0
84.882
0
165.434
-56.4269
-22.4523
0
87.29
0
162.728
-56.4269
-22.5803
0
89.999
0
160.32
-56.4269
-22.5804
0
92.407
0
157.613
-56.4269
-22.4666
0
95.116
0
155.365
-56.4269
-22.2653
0
97.3735
0
152.827
-56.4269
-21.937
0
97.3735
0
150.439
-56.4269
-21.6279
0
97.3735
0
147.902
-56.4269
-21.2996
0
97.3735
0
145.365
-56.4269
-20.9712
0
97.3735
0
142.977
-56.4269
-20.6622
0
97.3735
0
140.439
-56.4269
-20.3338
0
97.3735
0
137.902
-56.4269
-20.0055
0
97.3735
0
135.365
-56.4269
-19.6771
0
97.3735
0
132.976
-56.4269
-19.3681
0
97.3735
0
130.29
-56.4269
-19.0204
0
97.3735
0
128.051
-56.4269
-18.7307
0
97.3735
0
125.514
-56.4269
-18.4024
0
97.3735
0
123.126
-56.4269
-18.0933
0
97.3735
0
120.588
-56.4269
-17.765
0
97.3735
0
118.051
-56.4269
-17.4366
0
97.3735
0
115.514
-56.4269
-17.1083
0
97.3735
0
112.976
-56.4269
-16.7799
0
97.3735
0
110.588
-56.4269
-16.4709
0
97.3735
0
107.902
-56.4269
-16.1232
0
97.3735
0
105.663
-56.4269
-15.8335
0
97.3735
0
102.976
-56.4269
-15.4858
0
97.3735
0
100.588
-56.4269
-15.1768
0
97.3735
0
98.0507
-56.4269
-14.8485
0
97.3735
0
95.6627
-56.4269
-14.5394
0
97.3735
0
93.1253
-56.4269
-14.2111
0
97.3735
0
90.588
-56.4269
-13.8827
0
97.3735
0
88.1999
-56.4269
-13.5737
0
97.3735
0
85.6625
-56.4269
-13.2453
0
97.3735
0
83.2745
-56.4269
-12.9363
0
97.3735
0
80.4386
-56.4269
-12.5693
0
97.3735
0
78.1998
-56.4269
-12.2796
0
97.3735
0
75.3639
-56.4269
-11.9126
0
97.3735
0
73.1251
-56.4269
-11.6229
0
97.3735
0
70.5877
-56.4269
-11.2946
0
97.3735
0
68.0504
-56.4269
-10.9662
0
97.3735
0
65.513
-56.4269
-10.6379
0
97.3735
0
62.8264
-56.4269
-10.2902
0
97.3735
0
60.5876
-56.4269
-10.0005
0
97.3735
0
58.0503
-56.4269
-9.67214
0
97.3735
0
55.6622
-56.4269
-9.36311
0
94.9655
0
52.9633
-56.4269
-9.12863
0
92.2565
0
50.7076
-56.4269
-9.03974
0
89.999
0
47.8481
-56.4269
-9.03979
0
89.999
0
45.7411
-56.4269
-9.03983
0
89.999
0
43.0321
-56.4269
-9.03988
0
89.999
0
40.7746
-56.4269
-9.03992
0
89.999
0
38.2161
-56.4269
-9.03996
0
89.999
0
35.2061
-56.4269
-9.04002
0
89.999
0
32.9486
-56.4269
-9.04006
0
89.999
0
30.2396
-56.4269
-9.04011
0
89.999
0
27.8316
-56.4269
-9.04015
0
89.999
0
25.2731
-56.4269
-9.04019
0
89.999
0
22.8651
-56.4269
-9.04024
0
89.999
0
20.3066
-56.4269
-9.04028
0
89.999
0
17.8986
-56.4269
-9.04032
0
92.407
0
15.3424
-56.4269
-8.93287
0
94.9655
0
12.7935
-56.4269
-8.71142
0
97.524
0
10.4062
-56.4269
-8.39611
0
99.932
0
7.7378
-56.4269
-7.92887
0
102.641
0
5.53502
-56.4269
-7.43483
0
102.641
0
2.89169
-56.4269
-6.84199
0
102.641
0
0.542058
-56.4269
-6.31502
0
102.641
0
-2.10128
-56.4269
-5.72218
0
102.641
0
-4.30406
-56.4269
-5.22815
0
102.641
0
-6.94739
-56.4269
-4.63531
0
102.641
0
-9.15017
-56.4269
-4.14127
0
102.641
0
-11.6467
-56.4269
-3.58137
0
102.641
0
-14.1431
-56.4269
-3.02146
0
102.641
0
-16.4928
-56.4269
-2.49449
0
102.641
0
-18.9893
-56.4269
-1.93458
0
102.641
0
-21.4857
-56.4269
-1.37468
0
102.641
0
-24.1291
-56.4269
-0.781838
0
102.641
0
-26.3318
-56.4269
-0.287804
0
102.641
0
-29.122
-56.4269
0.337973
0
102.641
0
-33.9682
-56.4269
1.42485
0
102.641
0
-38.6674
-56.4269
2.47879
0
102.641
0
-40.8702
-56.4269
2.97282
0
102.641
0
-43.5135
-56.4269
3.56566
0
99.932
0
-46.0337
-56.4269
4.00695
0
97.3735
0
-48.2725
-56.4269
4.29667
0
95.116
0
-51.1206
-56.4269
4.55166
0
95.116
0
-53.519
-56.4269
4.76639
0
95.116
0
-56.0673
-56.4269
4.99453
0
95.116
0
-58.3158
-56.4269
5.19584
0
95.116
0
-61.014
-56.4269
5.43741
0
95.116
0
-63.2625
-56.4269
5.63872
0
95.116
0
-65.9608
-56.4269
5.88028
0
95.116
0
-68.8089
-56.4269
6.13527
0
95.116
0
-73.4558
-56.4269
6.5513
0
95.116
0
-76.154
-56.4269
6.79287
0
95.116
0
-78.8522
-56.4269
7.03444
0
95.116
0
-83.4991
-56.4269
7.45047
0
95.116
0
-86.0474
-56.4269
7.67862
0
95.116
0
-88.7456
-56.4269
7.92019
0
95.116
0
-93.3925
-56.4269
8.33622
0
99.7815
0
-96.2105
-56.4269
8.82203
0
102.641
0
-100.91
-56.4269
9.87597
0
107.457
0
-102.92
-56.4269
10.508
0
107.457
0
-105.504
-56.4269
11.3207
0
107.457
0
-107.801
-56.4269
12.0431
0
107.457
0
-110.385
-56.4269
12.8558
0
107.457
0
-112.539
-56.4269
13.533
0
107.457
0
-115.41
-56.4269
14.436
0
107.457
0
-120.004
-56.4269
15.8807
0
107.457
0
-122.014
-56.4269
16.5128
0
107.457
0
-124.455
-56.4269
17.2803
0
107.457
0
-127.326
-56.4269
18.1833
0
110.467
0
-129.159
-56.4269
18.8674
0
112.423
0
-131.942
-56.4269
20.0156
0
115.433
0
-136.563
-56.4269
22.2131
0
115.433
0
-138.737
-56.4269
23.2473
0
115.433
0
-141.048
-56.4269
24.3461
0
115.433
0
-145.533
-56.4269
26.479
0
115.433
0
-147.98
-56.4269
27.6424
0
115.433
0
-152.329
-56.4269
29.7107
0
115.433
0
-154.504
-56.4269
30.7448
0
115.433
0
-156.95
-56.4269
31.9083
0
115.433
0
-161.435
-56.4269
34.0412
0
120.4
0
-165.849
-56.4269
36.6306
0
125.517
0
-169.769
-56.4269
39.4284
0
130.333
0
-171.948
-56.4269
41.2791
0
133.192
0
-175.35
-56.4269
44.4725
0
137.858
0
-176.966
-56.4269
46.2579
0
140.266
0
-178.793
-56.4269
48.457
0
143.125
0
-181.774
-56.4269
52.4299
0
148.092
0
-184.399
-56.4269
56.646
0
153.058
0
-186.649
-56.4269
61.0734
0
158.025
0
-188.395
-56.4269
65.4
0
162.69
0
-189.111
-56.4269
67.6989
0
162.69
0
-189.828
-56.4269
69.9979
0
162.69
0
-190.634
-56.4269
72.5842
0
162.69
0
-191.35
-56.4269
74.8831
0
162.69
0
-192.156
-56.4269
77.4694
0
162.69
0
-192.873
-56.4269
79.7684
0
162.69
0
-193.634
-56.4269
82.211
0
162.69
0
-194.35
-56.4269
84.5099
0
165.098
0
-195.008
-56.4269
86.9824
0
167.657
0
-195.523
-56.4269
89.3347
0
170.065
0
-195.939
-56.4269
91.7066
0
172.473
0
-196.293
-56.4269
94.3923
0
175.182
0
-196.496
-56.4269
96.7918
0
177.59
0
-196.61
-56.4269
99.4984
0
180.299
0
-196.598
-56.4269
101.756
0
182.557
0
-196.477
-56.4269
104.462
0
185.266
0
-196.256
-56.4269
106.86
0
187.674
0
-195.914
-56.4269
109.396
0
190.232
0
-195.487
-56.4269
111.765
0
190.232
0
-195.032
-56.4269
114.283
0
190.232
0
-194.578
-56.4269
116.801
0
190.232
0
-194.15
-56.4269
119.171
0
190.232
0
-193.695
-56.4269
121.688
0
190.232
0
-193.268
-56.4269
124.058
0
190.232
0
-192.813
-56.4269
126.576
0
190.232
0
-192.385
-56.4269
128.946
0
190.232
0
-191.904
-56.4269
131.612
0
192.941
0
-191.399
-56.4269
133.812
0
195.199
0
-190.689
-56.4269
136.426
0
197.908
0
-189.948
-56.4269
138.717
0
200.316
0
-189.008
-56.4269
141.258
0
203.025
0
-188.066
-56.4269
143.474
0
205.433
0
-186.902
-56.4269
145.92
0
208.142
0
-185.696
-56.4269
148.177
0
210.7
0
-184.466
-56.4269
150.247
0
210.7
0
-183.083
-56.4269
152.576
0
210.7
0
-181.854
-56.4269
154.647
0
210.7
0
-180.471
-56.4269
156.976
0
210.7
0
-178.012
-56.4269
161.117
0
210.7
0
-176.706
-56.4269
163.317
0
210.7
0
-175.4
-56.4269
165.517
0
210.7
0
-174.016
-56.4269
167.847
0
210.7
0
-171.558
-56.4269
171.988
0
215.516
0
-170.159
-56.4269
173.948
0
217.924
0
-168.494
-56.4269
176.085
0
220.633
0
-165.26
-56.4269
179.854
0
225.6
0
-161.819
-56.4269
183.223
0
230.416
0
-159.731
-56.4269
184.949
0
233.125
0
-157.684
-56.4269
186.485
0
235.683
0
-153.831
-56.4269
189.115
0
235.683
0
-151.594
-56.4269
190.642
0
235.683
0
-149.605
-56.4269
192
0
235.683
0
-147.367
-56.4269
193.527
0
235.683
0
-145.503
-56.4269
194.8
0
235.683
0
-143.265
-56.4269
196.327
0
235.683
0
-139.163
-56.4269
199.127
0
235.683
0
-137.174
-56.4269
200.484
0
235.683
0
-135.061
-56.4269
201.927
0
235.683
0
-132.7
-56.4269
203.539
0
235.683
0
-128.846
-56.4269
206.169
0
240.349
0
-126.754
-56.4269
207.361
0
242.757
0
-124.479
-56.4269
208.532
0
245.315
0
-122.154
-56.4269
209.6
0
247.874
0
-119.784
-56.4269
210.564
0
250.432
0
-117.657
-56.4269
211.32
0
252.69
0
-115.214
-56.4269
212.081
0
255.248
0
-112.886
-56.4269
212.694
0
255.248
0
-110.412
-56.4269
213.346
0
255.248
0
-107.937
-56.4269
213.997
0
255.248
0
-105.463
-56.4269
214.649
0
255.248
0
-102.989
-56.4269
215.3
0
255.248
0
-100.66
-56.4269
215.914
0
255.248
0
-98.1862
-56.4269
216.565
0
257.807
0
-95.8326
-56.4269
217.074
0
260.215
0
-93.3113
-56.4269
217.509
0
262.773
0
-90.9224
-56.4269
217.811
0
265.181
0
-88.373
-56.4269
218.026
0
267.74
0
-85.9668
-56.4269
218.121
0
270.148
0
-83.2578
-56.4269
218.114
0
272.857
0
-80.8528
-56.4269
217.994
0
272.857
0
-78.4478
-56.4269
217.874
0
272.857
0
-75.7422
-56.4269
217.739
0
272.857
0
-73.4875
-56.4269
217.627
0
272.857
0
-70.7819
-56.4269
217.492
0
272.857
0
-68.3769
-56.4269
217.372
0
272.857
0
-65.6712
-56.4269
217.237
0
272.857
0
-63.2663
-56.4269
217.117
0
272.857
0
-60.7109
-56.4269
216.989
0
272.857
0
-58.4562
-56.4269
216.877
0
272.857
0
-55.7506
-56.4269
216.742
0
272.857
0
-53.3456
-56.4269
216.622
0
272.857
0
-50.7903
-56.4269
216.494
0
272.857
0
-48.235
-56.4269
216.367
0
272.857
0
-45.8299
-56.4269
216.247
0
272.857
0
-43.2746
-56.4269
216.119
0
272.857
0
-40.8696
-56.4269
215.999
0
272.857
0
-38.164
-56.4269
215.864
0
272.857
0
-35.759
-56.4269
215.744
0
272.857
0
-33.0533
-56.4269
215.609
0
272.857
0
-30.6483
-56.4269
215.489
0
272.857
0
-28.093
-56.4269
215.362
0
272.857
0
-25.8383
-56.4269
215.249
0
272.857
0
-23.283
-56.4269
215.122
0
272.857
0
-20.7277
-56.4269
214.994
0
272.857
0
-18.3227
-56.4269
214.874
0
272.857
0
-15.617
-56.4269
214.739
0
272.857
0
-13.212
-56.4269
214.619
0
272.857
0
-10.5064
-56.4269
214.484
0
272.857
0
-8.2517
-56.4269
214.372
0
272.857
0
-5.54606
-56.4269
214.237
0
272.857
0
-3.14106
-56.4269
214.117
0
272.857
0
-0.435421
-56.4269
213.982
0
272.857
0
1.81927
-56.4269
213.869
0
272.857
0
4.37459
-56.4269
213.742
0
272.857
0
6.7796
-56.4269
213.622
0
272.857
0
9.48524
-56.4269
213.487
0
272.857
0
12.1909
-56.4269
213.352
0
272.857
0
17.0009
-56.4269
213.112
0
272.857
0
19.4059
-56.4269
212.992
0
272.857
0
21.9612
-56.4269
212.864
0
272.857
0
24.2159
-56.4269
212.752
0
272.857
0
26.9215
-56.4269
212.617
0
272.857
0
29.3266
-56.4269
212.496
0
272.857
0
31.8819
-56.4269
212.369
0
272.857
0
34.2869
-56.4269
212.249
0
272.857
0
36.8422
-56.4269
212.121
0
272.857
0
39.2472
-56.4269
212.001
0
272.857
0
41.8025
-56.4269
211.874
0
272.857
0
44.6585
-56.4269
211.731
0
272.857
0
46.9132
-56.4269
211.619
0
272.857
0
49.4685
-56.4269
211.491
0
272.857
0
51.8735
-56.4269
211.371
0
272.857
0
54.4288
-56.4269
211.244
0
272.857
0
56.6835
-56.4269
211.131
0
272.857
0
59.3892
-56.4269
210.996
0
272.857
0
61.7942
-56.4269
210.876
0
272.857
0
64.3495
-56.4269
210.749
0
272.857
0
67.2054
-56.4269
210.606
0
272.857
0
69.4601
-56.4269
210.494
0
272.857
0
72.1658
-56.4269
210.359
0
272.857
0
74.4205
-56.4269
210.246
0
272.857
0
77.1261
-56.4269
210.111
0
272.857
0
79.0802
-56.4269
210.014
0
272.857
0
81.9361
-56.4269
209.871
0
272.857
0
83.8902
-56.4269
209.774
0
272.857
0
86.4455
-56.4269
209.646
0
272.857
0
89.0008
-56.4269
209.519
0
272.857
0
91.5562
-56.4269
209.391
0
272.857
0
93.9612
-56.4269
209.271
0
272.857
0
96.3662
-56.4269
209.151
0
272.857
0
98.9215
-56.4269
209.024
0
272.857
0
101.477
-56.4269
208.896
0
272.857
0
104.182
-56.4269
208.761
0
272.857
0
106.437
-56.4269
208.649
0
272.857
0
109.143
-56.4269
208.514
0
272.857
0
111.548
-56.4269
208.394
0
272.857
0
114.103
-56.4269
208.266
0
272.857
0
116.508
-56.4269
208.146
0
272.857
0
119.063
-56.4269
208.019
0
272.857
0
121.468
-56.4269
207.899
0
272.857
0
123.873
-56.4269
207.779
0
272.857
0
126.429
-56.4269
207.651
0
272.857
0
128.834
-56.4269
207.531
0
272.857
0
131.539
-56.4269
207.396
0
272.857
0
133.944
-56.4269
207.276
0
272.857
0
136.65
-56.4269
207.141
0
272.857
0
138.905
-56.4269
207.029
0
272.857
0
141.61
-56.4269
206.894
0
272.857
0
144.015
-56.4269
206.774
0
272.857
0
146.42
-56.4269
206.654
0
272.857
0
148.976
-56.4269
206.526
0
272.857
0
151.531
-56.4269
206.399
0
272.857
0
153.936
-56.4269
206.279
0
272.857
0
156.491
-56.4269
206.151
0
272.857
0
159.197
-56.4269
206.016
0
272.857
0
161.452
-56.4269
205.904
0
272.857
0
164.157
-56.4269
205.769
0
272.857
0
166.562
-56.4269
205.649
0
272.857
0
169.118
-56.4269
205.521
0
272.857
0
171.523
-56.4269
205.401
0
272.857
0
174.078
-56.4269
205.274
0
272.857
0
176.483
-56.4269
205.154
0
272.857
0
179.038
-56.4269
205.026
0
272.857
0
181.594
-56.4269
204.899
0
272.857
0
183.999
-56.4269
204.779
0
272.857
0
186.704
-56.4269
204.644
0
272.857
0
189.109
-56.4269
204.524
0
272.857
0
191.815
-56.4269
204.389
0
272.857
0
194.07
-56.4269
204.276
0
272.857
0
196.775
-56.4269
204.141
0
272.857
0
199.03
-56.4269
204.029
0
272.857
0
201.585
-56.4269
203.901
0
272.857
0
203.99
-56.4269
203.781
0
272.857
0
206.546
-56.4269
203.654
0
272.857
0
209.552
-56.4269
203.504
0
272.857
0
211.656
-56.4269
203.399
0
272.857
0
214.362
-56.4269
203.264
0
272.857
0
216.617
-56.4269
203.151
0
272.857
0
219.322
-56.4269
203.016
0
272.857
0
221.577
-56.4269
202.904
0
272.857
0
224.283
-56.4269
202.769
0
272.857
0
226.537
-56.4269
202.656
0
272.857
0
229.093
-56.4269
202.529
0
275.415
0
231.64
-56.4269
202.287
0
277.974
0
234.174
-56.4269
201.932
0
280.532
0
236.541
-56.4269
201.492
0
282.94
0
239.035
-56.4269
200.919
0
285.499
0
241.5
-56.4269
200.236
0
288.057
0
243.789
-56.4269
199.489
0
290.465
0
246.327
-56.4269
198.542
0
293.174
0
248.68
-56.4269
197.535
0
295.733
0
251.255
-56.4269
196.294
0
298.592
0
253.37
-56.4269
195.141
0
301
0
255.434
-56.4269
193.901
0
303.408
0
257.947
-56.4269
192.244
0
306.418
0
259.521
-56.4269
191.082
0
308.375
0
261.763
-56.4269
189.307
0
311.234
0
263.46
-56.4269
187.819
0
313.492
0
265.317
-56.4269
186.058
0
316.05
0
266.988
-56.4269
184.325
0
318.458
0
268.784
-56.4269
182.297
0
321.167
0
270.2
-56.4269
180.538
0
323.425
0
271.814
-56.4269
178.363
0
326.134
0
273.156
-56.4269
176.363
0
328.542
0
274.491
-56.4269
174.181
0
331.1
0
275.728
-56.4269
171.941
0
333.659
0
276.796
-56.4269
169.783
0
336.067
0
277.895
-56.4269
167.307
0
336.067
0
278.811
-56.4269
165.244
0
336.067
0
279.91
-56.4269
162.768
0
336.067
0
280.826
-56.4269
160.704
0
336.067
0
281.986
-56.4269
158.091
0
336.067
0
282.902
-56.4269
156.027
0
336.067
0
283.94
-56.4269
153.689
0
336.067
0
284.916
-56.4269
151.488
0
336.067
0
285.954
-56.4269
149.149
0
336.067
0
287.114
-56.4269
146.536
0
338.926
0
287.818
-56.4269
144.71
0
340.883
0
288.705
-56.4269
142.15
0
343.592
0
289.385
-56.4269
139.84
0
346
0
290.004
-56.4269
137.358
0
348.558
0
290.482
-56.4269
134.998
0
350.966
0
290.907
-56.4269
132.322
0
353.675
0
291.156
-56.4269
130.079
0
355.933
0
291.348
-56.4269
127.376
0
358.642
0
291.405
-56.4269
124.969
0
0
0
291.405
-56.4269
122.561
0
2.408
0
291.298
-56.4269
120.005
0
4.9665
0
291.076
-56.4269
117.456
0
4.9665
0
290.842
-56.4269
114.757
0
4.9665
0
290.646
-56.4269
112.508
0
4.9665
0
290.425
-56.4269
109.959
0
4.9665
0
290.216
-56.4269
107.56
0
4.9665
0
289.982
-56.4269
104.861
0
4.9665
0
289.787
-56.4269
102.612
0
4.9665
0
289.552
-56.4269
99.9137
0
4.9665
0
289.344
-56.4269
97.5147
0
4.9665
0
289.122
-56.4269
94.9658
0
4.9665
0
288.901
-56.4269
92.4169
0
4.9665
0
288.692
-56.4269
90.0179
0
4.9665
0
288.458
-56.4269
87.3191
0
4.9665
0
288.249
-56.4269
84.9202
0
4.9665
0
288.041
-56.4269
82.5212
0
4.9665
0
287.832
-56.4269
80.1222
0
7.3745
0
287.465
-56.4269
77.2864
0
10.234
0
287.064
-56.4269
75.0648
0
12.4915
0
286.511
-56.4269
72.5669
0
15.05
0
285.885
-56.4269
70.2415
0
17.458
0
285.118
-56.4269
67.8008
0
20.0165
0
284.139
-56.4269
65.1141
0
22.876
0
283.261
-56.4269
63.0341
0
25.1335
0
282.111
-56.4269
60.5816
0
27.8425
0
281.056
-56.4269
58.5855
0
30.1
0
279.698
-56.4269
56.2418
0
30.1
0
278.49
-56.4269
54.1585
0
30.1
0
277.132
-56.4269
51.8148
0
30.1
0
276
-56.4269
49.8617
0
30.1
0
274.716
-56.4269
47.6482
0
30.1
0
273.509
-56.4269
45.5649
0
30.1
0
272.226
-56.4269
43.3514
0
30.1
0
270.943
-56.4269
41.1379
0
30.1
0
269.735
-56.4269
39.0547
0
30.1
0
268.376
-56.4269
36.711
0
32.809
0
267.072
-56.4269
34.6871
0
35.217
0
265.596
-56.4269
32.5969
0
37.7755
0
264.121
-56.4269
30.6935
0
40.1835
0
262.373
-56.4269
28.6239
0
42.8925
0
260.837
-56.4269
26.97
0
42.8925
0
259.095
-56.4269
25.0956
0
42.8925
0
257.456
-56.4269
23.3314
0
42.8925
0
255.715
-56.4269
21.4569
0
42.8925
0
253.871
-56.4269
19.4722
0
42.8925
0
252.232
-56.4269
17.7081
0
42.8925
0
250.491
-56.4269
15.8336
0
42.8925
0
248.852
-56.4269
14.0694
0
42.8925
0
247.008
-56.4269
12.0847
0
42.8925
0
245.472
-56.4269
10.4308
0
42.8925
0
243.628
-56.4269
8.44613
0
42.8925
0
242.091
-56.4269
6.79221
0
42.8925
0
240.247
-56.4269
4.80751
0
45.6015
0
238.527
-56.4269
3.12277
0
48.0095
0
236.625
-56.4269
1.41112
0
50.568
0
234.417
-56.4269
-0.405131
0
53.4275
0
232.725
-56.4269
-1.66056
0
55.5345
0
230.491
-56.4269
-3.19361
0
58.2435
0
228.444
-56.4269
-4.46097
0
60.6515
0
226.213
-56.4269
-5.71494
0
63.21
0
224.064
-56.4269
-6.80028
0
65.618
0
221.734
-56.4269
-7.85648
0
68.1765
0
219.498
-56.4269
-8.75165
0
70.5845
0
217.227
-56.4269
-9.55211
0
72.9925
0
214.924
-56.4269
-10.2564
0
72.9925
0
212.478
-56.4269
-11.0048
0
72.9925
0
209.743
-56.4269
-11.8412
0
72.9925
0
207.585
-56.4269
-12.5015
0
72.9925
0
205.138
-56.4269
-13.2499
0
72.9925
0
202.835
-56.4269
-13.9542
0
72.9925
0
200.389
-56.4269
-14.7025
0
72.9925
0
198.086
-56.4269
-15.4069
0
72.9925
0
195.639
-56.4269
-16.1552
0
75.551
0
193.308
-56.4269
-16.7561
0
77.959
0
190.805
-56.4269
-17.2898
0
80.5175
0
188.43
-56.4269
-17.6865
0
82.9255
0
185.891
-56.4269
-18.0016
0
85.484
0
183.341
-56.4269
-18.2031
0
88.0425
0
180.784
-56.4269
-18.2905
0
90.601
0
178.225
-56.4269
-18.2636
0
90.601
0
175.818
-56.4269
-18.2384
0
90.601
0
173.259
-56.4269
-18.2115
0
90.601
0
170.851
-56.4269
-18.1863
0
90.601
0
168.142
-56.4269
-18.1579
0
90.601
0
165.885
-56.4269
-18.1342
0
90.601
0
163.176
-56.4269
-18.1058
0
90.601
0
160.768
-56.4269
-18.0805
0
90.601
0
158.21
-56.4269
-18.0537
0
90.601
0
155.802
-56.4269
-18.0284
0
90.601
0
153.244
-56.4269
-18.0016
0
90.601
0
150.685
-56.4269
-17.9747
0
90.601
0
148.278
-56.4269
-17.9495
0
90.601
0
145.569
-56.4269
-17.9211
0
93.31
0
143.165
-56.4269
-17.782
0
95.718
0
140.619
-56.4269
-17.5271
0
98.2765
0
138.236
-56.4269
-17.1805
0
100.684
0
135.722
-56.4269
-16.7062
0
100.684
0
133.356
-56.4269
-16.2597
0
100.684
0
130.842
-56.4269
-15.7854
0
100.684
0
128.327
-56.4269
-15.311
0
100.684
0
125.961
-56.4269
-14.8646
0
100.684
0
123.299
-56.4269
-14.3623
0
100.684
0
121.081
-56.4269
-13.9438
0
100.684
0
118.271
-56.4269
-13.4136
0
97.825
0
116.034
-56.4269
-13.1063
0
95.5675
0
113.488
-56.4269
-12.858
0
93.009
0
111.083
-56.4269
-12.7316
0
90.601
0
108.525
-56.4269
-12.7048
0
90.601
0
106.117
-56.4269
-12.6796
0
90.601
0
103.559
-56.4269
-12.6527
0
90.601
0
101
-56.4269
-12.6259
0
90.601
0
98.5924
-56.4269
-12.6006
0
90.601
0
95.8835
-56.4269
-12.5722
0
90.601
0
93.4757
-56.4269
-12.5469
0
90.601
0
90.9173
-56.4269
-12.5201
0
90.601
0
88.5094
-56.4269
-12.4949
0
90.601
0
85.8006
-56.4269
-12.4664
0
90.601
0
83.5432
-56.4269
-12.4428
0
90.601
0
80.8344
-56.4269
-12.4143
0
90.601
0
78.276
-56.4269
-12.3875
0
90.601
0
75.8681
-56.4269
-12.3622
0
90.601
0
73.1593
-56.4269
-12.3338
0
90.601
0
70.7514
-56.4269
-12.3086
0
90.601
0
68.193
-56.4269
-12.2817
0
90.601
0
65.7852
-56.4269
-12.2565
0
90.601
0
63.0763
-56.4269
-12.2281
0
90.601
0
60.6685
-56.4269
-12.2028
0
90.601
0
58.1101
-56.4269
-12.176
0
90.601
0
55.7022
-56.4269
-12.1507
0
90.601
0
53.1439
-56.4269
-12.1239
0
90.601
0
50.736
-56.4269
-12.0986
0
90.601
0
48.1776
-56.4269
-12.0718
0
90.601
0
