50
-56.4269
-20
0
90
0
49.974
-56.4269
-20
0
90
0
49.902
-56.4269
-20
0
90
0
49.818
-56.4269
-20
0
90
0
49.69
-56.4269
-20
0
90
0
49.53
-56.4269
-20
0
90.192
0
49.326
-56.4269
-19.9993
0
90.43
0
49.102
-56.4269
-19.9976
0
90.686
0
48.83
-56.4269
-19.9944
0
90.992
0
48.5421
-56.4269
-19.9894
0
91.312
0
48.2022
-56.4269
-19.9816
0
91.686
0
47.8283
-56.4269
-19.9706
0
92.094
0
47.4446
-56.4269
-19.9566
0
92.094
0
47.0029
-56.4269
-19.9404
0
92.094
0
46.5272
-56.4269
-19.923
0
92.094
0
46.0475
-56.4269
-19.9055
0
92.094
0
45.4719
-56.4269
-19.8845
0
92.094
0
44.9283
-56.4269
-19.8646
0
92.094
0
44.3167
-56.4269
-19.8422
0
92.094
0
43.7091
-56.4269
-19.82
0
92.094
0
43.0296
-56.4269
-19.7952
0
92.094
0
42.358
-56.4269
-19.7706
0
92.094
0
41.6105
-56.4269
-19.7433
0
92.876
0
40.8295
-56.4269
-19.704
0
93.692
0
40.0152
-56.4269
-19.6515
0
94.542
0
39.2177
-56.4269
-19.5881
0
95.374
0
38.3376
-56.4269
-19.5053
0
96.292
0
37.4788
-56.4269
-19.4107
0
97.188
0
36.5343
-56.4269
-19.2915
0
98.174
0
35.5583
-56.4269
-19.1513
0
99.194
0
34.5514
-56.4269
-18.9884
0
99.194
0
33.5721
-56.4269
-18.8299
0
99.194
0
32.4981
-56.4269
-18.656
0
99.194
0
31.3905
-56.4269
-18.4768
0
99.194
0
30.2494
-56.4269
-18.2921
0
99.194
0
29.1438
-56.4269
-18.1131
0
99.194
0
27.9355
-56.4269
-17.9175
0
99.194
0
26.6937
-56.4269
-17.7165
0
99.194
0
25.4933
-56.4269
-17.5223
0
99.194
0
24.2095
-56.4269
-17.3145
0
99.194
0
22.9696
-56.4269
-17.1138
0
99.194
0
21.6187
-56.4269
-16.8951
0
99.194
0
20.2342
-56.4269
-16.671
0
99.194
0
18.8162
-56.4269
-16.4415
0
99.194
0
17.6207
-56.4269
-16.248
0
99.194
0
16.1356
-56.4269
-16.0076
0
99.194
0
14.6168
-56.4269
-15.7618
0
99.194
0
13.1558
-56.4269
-15.5254
0
99.194
0
11.57
-56.4269
-15.2687
0
99.194
0
9.95056
-56.4269
-15.0066
0
99.194
0
8.39481
-56.4269
-14.7547
0
99.194
0
6.70826
-56.4269
-14.4818
0
99.194
0
4.98814
-56.4269
-14.2034
0
99.194
0
3.33762
-56.4269
-13.9362
0
99.194
0
1.55038
-56.4269
-13.6469
0
99.194
0
-0.270422
-56.4269
-13.3522
0
99.194
0
-2.01571
-56.4269
-13.0697
0
99.194
0
-3.90364
-56.4269
-12.7642
0
99.194
0
-5.82513
-56.4269
-12.4531
0
99.194
0
-7.66519
-56.4269
-12.1553
0
99.194
0
-9.65381
-56.4269
-11.8335
0
99.194
0
-11.676
-56.4269
-11.5061
0
99.194
0
-13.7317
-56.4269
-11.1734
0
99.194
0
-15.6981
-56.4269
-10.8551
0
99.194
0
-17.821
-56.4269
-10.5115
0
99.194
0
-19.8506
-56.4269
-10.183
0
99.194
0
-22.0406
-56.4269
-9.82856
0
99.194
0
-24.2642
-56.4269
-9.46866
0
99.194
0
-26.3885
-56.4269
-9.12482
0
99.194
0
-28.5445
-56.4269
-8.77587
0
99.194
0
-30.8687
-56.4269
-8.39967
0
99.194
0
-33.0878
-56.4269
-8.04049
0
99.194
0
-35.6199
-56.4269
-7.63066
0
99.194
0
-37.9022
-56.4269
-7.26125
0
99.194
0
-40.3607
-56.4269
-6.86333
0
99.194
0
-42.8528
-56.4269
-6.45997
0
99.194
0
-45.2298
-56.4269
-6.07523
0
99.194
0
-47.789
-56.4269
-5.661
0
99.194
0
-50.3818
-56.4269
-5.24135
0
99.194
0
-52.8536
-56.4269
-4.84126
0
99.194
0
-55.357
-56.4269
-4.43607
0
99.194
0
-58.0505
-56.4269
-4.00011
0
99.194
0
-60.7775
-56.4269
-3.55873
0
99.194
0
-63.5381
-56.4269
-3.11191
0
99.194
0
-66.1678
-56.4269
-2.68626
0
101.89
0
-68.9709
-56.4269
-2.09608
0
104.788
0
-71.6085
-56.4269
-1.39975
0
107.548
0
-74.4045
-56.4269
-0.515567
0
110.515
0
-77.1829
-56.4269
0.52405
0
113.515
0
-80.2579
-56.4269
1.86209
0
113.515
0
-82.8767
-56.4269
3.00162
0
113.515
0
-85.6904
-56.4269
4.22595
0
113.515
0
-88.5352
-56.4269
5.46383
0
113.515
0
-91.2421
-56.4269
6.64167
0
113.515
0
-94.1493
-56.4269
7.90669
0
113.515
0
-97.0876
-56.4269
9.18528
0
113.515
0
-99.8825
-56.4269
10.4014
0
113.515
0
-102.883
-56.4269
11.7071
0
113.515
0
-105.915
-56.4269
13.0264
0
113.515
0
-108.798
-56.4269
14.2809
0
113.515
0
-111.892
-56.4269
15.6273
0
113.515
0
-115.018
-56.4269
16.9873
0
113.515
0
-117.803
-56.4269
18.1992
0
113.515
0
-120.803
-56.4269
19.5047
0
113.515
0
-124.022
-56.4269
20.9054
0
113.515
0
-127.272
-56.4269
22.3197
0
113.515
0
-130.361
-56.4269
23.6635
0
113.515
0
-133.673
-56.4269
25.1049
0
117.162
0
-137.108
-56.4269
26.8674
0
121.059
0
-140.261
-56.4269
28.7663
0
124.773
0
-143.312
-56.4269
30.8848
0
128.522
0
-146.072
-56.4269
33.0821
0
132.082
0
-148.88
-56.4269
35.6171
0
135.898
0
-151.536
-56.4269
38.3578
0
135.898
0
-154.058
-56.4269
40.9602
0
135.898
0
-156.761
-56.4269
43.7497
0
135.898
0
-159.488
-56.4269
46.5636
0
135.898
0
-162.077
-56.4269
49.2349
0
135.898
0
-164.851
-56.4269
52.0977
0
135.898
0
-167.649
-56.4269
54.9848
0
135.898
0
-170.305
-56.4269
57.7251
0
135.898
0
-173.15
-56.4269
60.6611
0
140.021
0
-175.799
-56.4269
63.8201
0
144.177
0
-178.089
-56.4269
66.9921
0
148.121
0
-180.302
-56.4269
70.5505
0
152.346
0
-182.263
-56.4269
74.2925
0
156.604
0
-183.854
-56.4269
77.9709
0
160.62
0
-185.103
-56.4269
81.5226
0
164.393
0
-186.186
-56.4269
85.3983
0
168.425
0
-187.046
-56.4269
89.5952
0
172.717
0
-187.59
-56.4269
93.853
0
177.018
0
-187.8
-56.4269
97.8955
0
181.074
0
-187.719
-56.4269
102.204
0
185.392
0
-187.314
-56.4269
106.503
0
189.719
0
-186.626
-56.4269
110.517
0
193.799
0
-185.592
-56.4269
114.727
0
198.143
0
-184.24
-56.4269
118.854
0
202.495
0
-182.673
-56.4269
122.639
0
206.599
0
-180.491
-56.4269
126.996
0
206.599
0
-178.535
-56.4269
130.903
0
206.599
0
-176.575
-56.4269
134.817
0
206.599
0
-174.726
-56.4269
138.508
0
206.599
0
-172.759
-56.4269
142.438
0
206.599
0
-170.903
-56.4269
146.143
0
206.599
0
-168.928
-56.4269
150.088
0
206.599
0
-166.949
-56.4269
154.04
0
211.027
0
-164.801
-56.4269
157.612
0
215.203
0
-162.243
-56.4269
161.237
0
219.648
0
-159.406
-56.4269
164.66
0
224.102
0
-156.307
-56.4269
167.858
0
228.565
0
-153.158
-56.4269
170.638
0
228.565
0
-149.806
-56.4269
173.597
0
228.565
0
-146.645
-56.4269
176.387
0
228.565
0
-143.281
-56.4269
179.357
0
228.565
0
-139.909
-56.4269
182.332
0
228.565
0
-136.532
-56.4269
185.314
0
228.565
0
-133.347
-56.4269
188.125
0
232.821
0
-129.744
-56.4269
190.857
0
237.351
0
-126.154
-56.4269
193.158
0
241.623
0
-122.16
-56.4269
195.315
0
246.171
0
-118.001
-56.4269
197.152
0
250.727
0
-113.7
-56.4269
198.656
0
250.727
0
-109.645
-56.4269
200.074
0
250.727
0
-105.328
-56.4269
201.583
0
250.727
0
-101.258
-56.4269
203.007
0
250.727
0
-96.9249
-56.4269
204.522
0
250.727
0
-92.5841
-56.4269
206.04
0
250.727
0
-88.2353
-56.4269
207.56
0
250.727
0
-84.1348
-56.4269
208.994
0
250.727
0
-79.7699
-56.4269
210.52
0
250.727
0
-75.6543
-56.4269
211.959
0
250.727
0
-71.2734
-56.4269
213.491
0
250.727
0
-66.8844
-56.4269
215.026
0
250.727
0
-62.7461
-56.4269
216.473
0
255.119
0
-58.2362
-56.4269
217.671
0
259.794
0
-53.6351
-56.4269
218.5
0
264.477
0
-49.2476
-56.4269
218.924
0
268.893
0
-44.5565
-56.4269
219.014
0
273.594
0
-39.8652
-56.4269
218.72
0
278.303
0
-35.4797
-56.4269
218.08
0
282.743
0
-30.8784
-56.4269
217.039
0
287.469
0
-26.3703
-56.4269
215.621
0
287.469
0
-21.8542
-56.4269
214.199
0
287.469
0
-17.5961
-56.4269
212.859
0
287.469
0
-13.0637
-56.4269
211.433
0
287.469
0
-8.52325
-56.4269
210.004
0
287.469
0
-4.24224
-56.4269
208.657
0
287.469
0
0.314446
-56.4269
207.223
0
287.469
0
4.87924
-56.4269
205.786
0
287.469
0
9.18314
-56.4269
204.432
0
287.469
0
13.7641
-56.4269
202.99
0
287.469
0
18.0833
-56.4269
201.631
0
282.933
0
22.7806
-56.4269
200.552
0
278.105
0
27.2792
-56.4269
199.911
0
273.553
0
32.1064
-56.4269
199.612
0
268.708
0
36.6652
-56.4269
199.715
0
264.14
0
41.4933
-56.4269
200.21
0
259.278
0
45.9895
-56.4269
201.061
0
254.694
0
50.6872
-56.4269
202.347
0
254.694
0
55.3931
-56.4269
203.635
0
254.694
0
59.83
-56.4269
204.849
0
254.694
0
64.5523
-56.4269
206.142
0
254.694
0
69.2829
-56.4269
207.436
0
254.694
0
73.7428
-56.4269
208.657
0
254.694
0
78.4898
-56.4269
209.956
0
254.694
0
82.9652
-56.4269
211.181
0
254.694
0
87.1681
-56.4269
212.331
0
254.694
0
91.9397
-56.4269
213.637
0
259.65
0
96.5278
-56.4269
214.475
0
264.322
0
101.467
-56.4269
214.966
0
269.294
0
106.147
-56.4269
215.024
0
273.982
0
111.116
-56.4269
214.678
0
278.971
0
116.044
-56.4269
213.9
0
278.971
0
120.691
-56.4269
213.166
0
278.971
0
125.636
-56.4269
212.386
0
278.971
0
130.59
-56.4269
211.604
0
278.971
0
135.26
-56.4269
210.866
0
278.971
0
140.23
-56.4269
210.082
0
278.971
0
145.209
-56.4269
209.296
0
278.971
0
150.197
-56.4269
208.508
0
278.971
0
154.898
-56.4269
207.766
0
278.971
0
159.902
-56.4269
206.976
0
278.971
0
164.915
-56.4269
206.185
0
278.971
0
169.64
-56.4269
205.439
0
278.971
0
174.669
-56.4269
204.645
0
278.971
0
179.411
-56.4269
203.896
0
278.971
0
184.457
-56.4269
203.099
0
278.971
0
189.511
-56.4269
202.301
0
278.971
0
194.574
-56.4269
201.502
0
278.971
0
199.347
-56.4269
200.749
0
278.971
0
204.426
-56.4269
199.947
0
278.971
0
209.215
-56.4269
199.191
0
278.971
0
214.311
-56.4269
198.386
0
278.971
0
219.416
-56.4269
197.58
0
278.971
0
224.229
-56.4269
196.82
0
278.971
0
229.35
-56.4269
196.012
0
278.971
0
234.48
-56.4269
195.202
0
284.173
0
239.524
-56.4269
193.928
0
289.384
0
244.439
-56.4269
192.199
0
294.603
0
249.463
-56.4269
189.898
0
300.138
0
253.984
-56.4269
187.274
0
305.374
0
258.002
-56.4269
184.421
0
310.31
0
262.237
-56.4269
180.828
0
315.872
0
265.679
-56.4269
177.28
0
320.824
0
269.003
-56.4269
173.201
0
320.824
0
272.136
-56.4269
169.356
0
320.824
0
275.471
-56.4269
165.264
0
320.824
0
278.81
-56.4269
161.165
0
320.824
0
282.156
-56.4269
157.06
0
326.128
0
284.938
-56.4269
152.916
0
331.128
0
287.503
-56.4269
148.263
0
336.449
0
289.629
-56.4269
143.386
0
341.779
0
291.198
-56.4269
138.621
0
346.802
0
292.416
-56.4269
133.424
0
352.149
0
293.147
-56.4269
128.128
0
357.504
0
293.366
-56.4269
123.093
0
0
0
293.366
-56.4269
118.045
0
0
0
293.366
-56.4269
112.673
0
0
0
293.366
-56.4269
107.292
0
0
0
293.366
-56.4269
101.903
0
0
0
293.366
-56.4269
96.823
0
0
0
293.366
-56.4269
91.417
0
5.4145
0
292.855
-56.4269
86.0267
0
10.8375
0
291.896
-56.4269
81.0137
0
15.9495
0
290.403
-56.4269
75.7913
0
21.3895
0
288.536
-56.4269
71.0239
0
26.5175
0
286.103
-56.4269
66.1486
0
26.5175
0
283.81
-56.4269
61.553
0
26.5175
0
281.226
-56.4269
56.3748
0
26.5175
0
278.926
-56.4269
51.7648
0
26.5175
0
276.478
-56.4269
46.859
0
26.5175
0
274.171
-56.4269
42.2347
0
26.5175
0
271.716
-56.4269
37.3138
0
26.5175
0
269.257
-56.4269
32.3852
0
32.034
0
266.33
-56.4269
27.7087
0
37.559
0
263.161
-56.4269
23.5865
0
42.767
0
259.403
-56.4269
19.5243
0
48.309
0
255.508
-56.4269
16.055
0
53.533
0
251.045
-56.4269
12.756
0
53.533
0
246.574
-56.4269
9.452
0
53.533
0
242.097
-56.4269
6.1429
0
53.533
0
237.876
-56.4269
3.0237
0
53.533
0
233.385
-56.4269
-0.295498
0
53.533
0
228.887
-56.4269
-3.61975
0
53.533
0
224.648
-56.4269
-6.75322
0
53.533
0
220.136
-56.4269
-10.0876
0
53.533
0
215.618
-56.4269
-13.427
0
53.533
0
211.359
-56.4269
-16.5747
0
58.837
0
206.536
-56.4269
-19.4909
0
64.481
0
201.742
-56.4269
-21.7794
0
69.801
0
196.438
-56.4269
-23.7311
0
75.462
0
190.958
-56.4269
-25.1522
0
81.1315
0
185.686
-56.4269
-25.9748
0
86.4755
0
180.018
-56.4269
-26.3238
0
86.4755
0
174.677
-56.4269
-26.6529
0
86.4755
0
168.658
-56.4269
-27.0236
0
86.4755
0
163.3
-56.4269
-27.3536
0
86.4755
0
157.599
-56.4269
-27.7047
0
86.4755
0
151.889
-56.4269
-28.0564
0
86.4755
0
146.507
-56.4269
-28.3878
0
86.4755
0
141.118
-56.4269
-28.7198
0
91.8835
0
135.375
-56.4269
-28.531
0
97.638
0
130.007
-56.4269
-27.8111
0
103.062
0
124.063
-56.4269
-26.432
0
109.173
0
118.932
-56.4269
-24.648
0
114.613
0
113.677
-56.4269
-22.2407
0
120.402
0
108.978
-56.4269
-19.4837
0
120.402
0
103.978
-56.4269
-16.5501
0
120.402
0
98.9711
-56.4269
-13.6122
0
120.402
0
93.9565
-56.4269
-10.67
0
120.402
0
89.23
-56.4269
-7.8968
0
120.402
0
84.2008
-56.4269
-4.94599
0
120.402
0
79.1642
-56.4269
-1.99087
0
114.554
0
73.845
-56.4269
0.439224
0
108.697
0
68.2976
-56.4269
2.3166
0
102.832
0
62.5791
-56.4269
3.61918
0
96.9585
0
56.7488
-56.4269
4.33076
0
91.0765
0
51.2138
-56.4269
4.43477
0
91.0765
0
45.3244
-56.4269
4.54544
0
91.0765
0
39.4264
-56.4269
4.65627
0
91.0765
0
33.8674
-56.4269
4.76073
0
91.0765
0
27.9524
-56.4269
4.87187
0
91.0765
0
22.3774
-56.4269
4.97663
0
91.0765
0
16.4455
-56.4269
5.0881
0
91.0765
0
11.2039
-56.4269
5.18659
0
91.0765
0
5.25493
-56.4269
5.29838
0
91.0765
0
-0.702519
-56.4269
5.41033
0
91.0765
0
-6.66847
-56.4269
5.52243
0
91.0765
0
-12.2915
-56.4269
5.62809
0
91.0765
0
-17.9225
-56.4269
5.73391
0
91.0765
0
-23.9139
-56.4269
5.84649
0
91.0765
0
-29.5609
-56.4269
5.9526
0
91.0765
0
-35.5694
-56.4269
6.06551
0
91.0765
0
-41.2324
-56.4269
6.17192
0
91.0765
0
-47.2578
-56.4269
6.28514
0
91.0765
0
-53.2917
-56.4269
6.39853
0
91.0765
0
-59.3342
-56.4269
6.51207
0
91.0765
0
-65.0292
-56.4269
6.61909
0
91.0765
0
-71.0886
-56.4269
6.73295
0
91.0765
0
-76.7996
-56.4269
6.84026
0
91.0765
0
-82.876
-56.4269
6.95445
0
91.0765
0
-88.961
-56.4269
7.06879
0
91.0765
0
-94.6959
-56.4269
7.17655
0
91.0765
0
-100.798
-56.4269
7.29121
0
91.0765
0
-106.908
-56.4269
7.40604
0
97.1965
0
-112.623
-56.4269
8.12761
0
102.965
0
-118.595
-56.4269
9.50252
0
109.102
0
-124.394
-56.4269
11.5108
0
115.247
0
-130.607
-56.4269
14.4404
0
122.125
0
-135.512
-56.4269
17.5204
0
127.925
0
-140.373
-56.4269
21.308
0
134.096
0
-144.805
-56.4269
25.6022
0
134.096
0
-148.982
-56.4269
29.6493
0
134.096
0
-153.426
-56.4269
33.9553
0
134.096
0
-157.876
-56.4269
38.2673
0
134.096
0
-162.07
-56.4269
42.3311
0
134.096
0
-166.532
-56.4269
46.6548
0
134.096
0
-171.001
-56.4269
50.9845
0
140.327
0
-174.979
-56.4269
55.7801
0
146.566
0
-178.214
-56.4269
60.6804
0
152.446
0
-181.104
-56.4269
66.2192
0
158.702
0
-182.975
-56.4269
71.0194
0
163.861
0
-184.717
-56.4269
77.037
0
170.134
0
-185.792
-56.4269
83.2172
0
176.415
0
-186.161
-56.4269
89.1176
0
182.335
0
-185.905
-56.4269
95.4024
0
188.634
0
-184.96
-56.4269
101.63
0
194.941
0
-183.429
-56.4269
107.365
0
200.885
0
-181.178
-56.4269
113.265
0
207.209
0
-177.946
-56.4269
119.551
0
207.209
0
-175.221
-56.4269
124.852
0
207.209
0
-172.322
-56.4269
130.491
0
207.209
0
-169.418
-56.4269
136.138
0
207.209
0
-166.682
-56.4269
141.46
0
207.209
0
-163.771
-56.4269
147.122
0
207.209
0
-160.685
-56.4269
153.125
0
207.209
0
-157.938
-56.4269
158.468
0
207.209
0
-155.187
-56.4269
163.819
0
207.209
0
-152.261
-56.4269
169.511
0
207.209
0
-149.503
-56.4269
174.875
0
207.209
0
-146.569
-56.4269
180.583
0
207.209
0
-143.63
-56.4269
186.298
0
207.209
0
-140.862
-56.4269
191.684
0
207.209
0
-137.916
-56.4269
197.414
0
207.209
0
-135.139
-56.4269
202.814
0
207.209
0
-132.012
-56.4269
208.897
0
207.209
0
-129.228
-56.4269
214.311
0
213.305
0
-125.672
-56.4269
219.725
0
219.79
0
-121.765
-56.4269
224.415
0
225.902
0
-117.102
-56.4269
228.934
0
232.405
0
-111.95
-56.4269
232.901
0
238.916
0
-106.77
-56.4269
236.024
0
244.964
0
-101.025
-56.4269
238.707
0
251.305
0
-95.0989
-56.4269
240.712
0
257.561
0
-89.4272
-56.4269
241.964
0
263.369
0
-83.3819
-56.4269
242.666
0
269.455
0
-77.3812
-56.4269
242.723
0
275.456
0
-71.8384
-56.4269
242.194
0
281.024
0
-66.115
-56.4269
241.079
0
286.855
0
-60.6158
-56.4269
239.413
0
286.855
0
-55.5167
-56.4269
237.868
0
286.855
0
-50.1802
-56.4269
236.252
0
286.855
0
-44.9251
-56.4269
234.66
0
286.855
0
-40.0557
-56.4269
233.184
0
286.855
0
-34.9632
-56.4269
231.641
0
286.855
0
-29.9522
-56.4269
230.123
0
286.855
0
-25.3124
-56.4269
228.718
0
286.855
0
-20.464
-56.4269
227.249
0
286.855
0
-15.9774
-56.4269
225.89
0
286.855
0
-11.2917
-56.4269
224.47
0
286.855
0
-6.68739
-56.4269
223.075
0
286.855
0
-2.1644
-56.4269
221.705
0
291.581
0
1.89741
-56.4269
220.098
0
295.949
0
6.07054
-56.4269
218.068
0
300.598
0
10.0726
-56.4269
215.701
0
305.256
0
13.8763
-56.4269
213.012
0
309.923
0
17.2446
-56.4269
210.194
0
314.323
0
20.3924
-56.4269
207.119
0
314.323
0
23.9401
-56.4269
203.654
0
309.355
0
27.3548
-56.4269
200.854
0
304.931
0
31.2084
-56.4269
198.163
0
300.222
0
35.3425
-56.4269
197.13
0
295.504
0
39.4552
-56.4269
197.385
0
291.056
0
43.6896
-56.4269
197.499
0
286.6
0
48.2947
-56.4269
197.539
0
281.857
0
52.9916
-56.4269
197.693
0
277.106
0
57.4656
-56.4269
197.886
0
277.106
0
58.1727
-56.4269
197.829
0
277.106
0
57.9028
-56.4269
197.863
0
277.106
0
58.4684
-56.4269
197.792
0
277.106
0
57.9187
-56.4269
197.861
0
277.106
0
58.2065
-56.4269
197.825
0
277.106
0
57.9346
-56.4269
197.859
0
277.106
0
58.2233
-56.4269
197.823
0
277.106
0
57.9504
-56.4269
197.857
0
277.106
0
58.2402
-56.4269
197.821
0
277.106
0
58.2486
-56.4269
197.82
0
277.106
0
57.9742
-56.4269
197.854
0
277.106
0
58.2655
-56.4269
197.818
0
277.106
0
57.9901
-56.4269
197.852
0
277.106
0
58.2824
-56.4269
197.815
0
277.106
0
58.2908
-56.4269
197.814
0
277.106
0
58.2992
-56.4269
197.813
0
277.106
0
58.0219
-56.4269
197.848
0
272.49
0
58.3491
-56.4269
198.205
0
267.577
0
62.969
-56.4269
198.4
0
262.945
0
67.8532
-56.4269
199.005
0
262.945
0
72.7459
-56.4269
199.61
0
262.945
0
77.3587
-56.4269
200.181
0
262.945
0
81.9795
-56.4269
200.753
0
262.945
0
86.6081
-56.4269
201.326
0
262.945
0
91.2448
-56.4269
201.9
0
262.945
0
96.1796
-56.4269
202.511
0
262.945
0
100.832
-56.4269
203.087
0
262.945
0
105.784
-56.4269
203.699
0
262.945
0
110.744
-56.4269
204.313
0
262.945
0
115.713
-56.4269
204.928
0
262.945
0
120.397
-56.4269
205.508
0
267.673
0
125.416
-56.4269
205.712
0
272.705
0
130.443
-56.4269
205.475
0
277.745
0
135.143
-56.4269
204.835
0
282.497
0
140.073
-56.4269
203.743
0
287.555
0
144.895
-56.4269
202.217
0
292.621
0
149.296
-56.4269
200.383
0
292.621
0
153.705
-56.4269
198.546
0
292.621
0
158.396
-56.4269
196.591
0
292.621
0
163.096
-56.4269
194.633
0
292.621
0
167.804
-56.4269
192.671
0
292.621
0
172.532
-56.4269
190.985
0
292.621
0
172.692
-56.4269
191.078
0
292.621
0
172.977
-56.4269
190.959
0
292.621
0
172.706
-56.4269
191.072
0
292.621
0
172.993
-56.4269
190.953
0
292.621
0
173.001
-56.4269
190.95
0
292.621
0
172.728
-56.4269
191.063
0
292.621
0
173.016
-56.4269
190.943
0
292.621
0
173.024
-56.4269
190.94
0
292.621
0
173.032
-56.4269
190.937
0
292.621
0
172.758
-56.4269
191.051
0
292.621
0
173.048
-56.4269
190.93
0
292.621
0
172.773
-56.4269
191.045
0
292.621
0
173.064
-56.4269
190.923
0
292.621
0
173.071
-56.4269
190.92
0
292.621
0
172.795
-56.4269
191.035
0
292.621
0
173.087
-56.4269
190.914
0
292.621
0
173.095
-56.4269
190.91
0
292.621
0
172.817
-56.4269
191.026
0
292.621
0
173.111
-56.4269
190.904
0
292.621
0
173.118
-56.4269
190.901
0
292.621
0
173.126
-56.4269
190.897
0
292.621
0
172.847
-56.4269
191.014
0
287.629
0
173.301
-56.4269
191.325
0
282.316
0
173.131
-56.4269
191.864
0
277.308
0
173.524
-56.4269
192.254
0
271.979
0
173.259
-56.4269
192.758
0
266.955
0
178.59
-56.4269
193.041
0
261.608
0
183.879
-56.4269
193.821
0
261.608
0
188.865
-56.4269
194.557
0
261.608
0
194.171
-56.4269
195.34
0
261.608
0
199.485
-56.4269
196.124
0
261.608
0
204.495
-56.4269
196.863
0
261.608
0
209.826
-56.4269
197.649
0
261.608
0
215.166
-56.4269
198.437
0
261.608
0
220.514
-56.4269
199.226
0
261.608
0
225.556
-56.4269
199.97
0
266.712
0
230.97
-56.4269
200.281
0
272.144
0
236.078
-56.4269
200.09
0
277.264
0
241.475
-56.4269
199.402
0
282.712
0
246.79
-56.4269
198.203
0
288.169
0
251.669
-56.4269
196.601
0
293.313
0
256.689
-56.4269
194.438
0
298.787
0
262.051
-56.4269
191.492
0
304.915
0
266.546
-56.4269
188.354
0
304.915
0
271.049
-56.4269
185.211
0
304.915
0
275.293
-56.4269
182.249
0
304.915
0
279.81
-56.4269
179.096
0
304.915
0
284.334
-56.4269
175.939
0
304.915
0
288.598
-56.4269
172.963
0
304.915
0
293.135
-56.4269
169.796
0
310.457
0
297.352
-56.4269
166.2
0
316.007
0
300.98
-56.4269
162.441
0
321.239
0
304.256
-56.4269
158.362
0
326.479
0
307.331
-56.4269
153.72
0
332.055
0
309.944
-56.4269
148.794
0
337.64
0
312.068
-56.4269
143.63
0
343.233
0
313.587
-56.4269
138.589
0
348.505
0
314.703
-56.4269
133.1
0
354.115
0
315.278
-56.4269
127.52
0
354.115
0
315.821
-56.4269
122.26
0
354.115
0
316.398
-56.4269
116.662
0
354.115
0
316.976
-56.4269
111.057
0
354.115
0
317.554
-56.4269
105.442
0
359.767
0
317.577
-56.4269
99.7898
0
0
0
317.577
-56.4269
94.4618
0
5.336
0
317.081
-56.4269
89.149
0
10.68
0
316.029
-56.4269
83.5693
0
16.3665
0
314.426
-56.4269
78.1132
0
22.0615
0
312.287
-56.4269
72.8352
0
22.0615
0
310.271
-56.4269
67.8603
0
22.0615
0
308.126
-56.4269
62.5665
0
22.0615
0
306.103
-56.4269
57.5767
0
22.0615
0
303.952
-56.4269
52.2672
0
22.0615
0
301.797
-56.4269
46.9498
0
22.0615
0
299.765
-56.4269
41.9377
0
22.0615
0
297.604
-56.4269
36.6045
0
22.0615
0
295.567
-56.4269
31.5777
0
22.0615
0
293.399
-56.4269
26.2288
0
22.0615
0
291.228
-56.4269
20.872
0
27.85
0
288.524
-56.4269
15.7539
0
33.647
0
285.501
-56.4269
11.212
0
39.111
0
281.839
-56.4269
6.70736
0
44.925
0
277.974
-56.4269
2.83301
0
50.405
0
273.488
-56.4269
-0.877996
0
56.236
0
268.64
-56.4269
-4.11871
0
62.0755
0
263.784
-56.4269
-6.69253
0
62.0755
0
258.617
-56.4269
-9.43119
0
62.0755
0
253.442
-56.4269
-12.1738
0
62.0755
0
248.565
-56.4269
-14.7589
0
62.0755
0
243.376
-56.4269
-17.5095
0
62.0755
0
238.178
-56.4269
-20.2641
0
67.966
0
233.039
-56.4269
-22.344
0
73.518
0
227.383
-56.4269
-24.0176
0
79.4255
0
221.576
-56.4269
-25.1017
0
85.3415
0
216.026
-56.4269
-25.5539
0
90.9175
0
210.102
-56.4269
-25.459
0
96.8505
0
204.558
-56.4269
-24.793
0
102.443
0
198.756
-56.4269
-23.5128
0
108.393
0
193.11
-56.4269
-21.6355
0
108.393
0
187.789
-56.4269
-19.866
0
108.393
0
182.126
-56.4269
-17.9833
0
108.393
0
176.456
-56.4269
-16.0978
0
108.393
0
170.778
-56.4269
-14.2097
0
114.385
0
165.641
-56.4269
-11.8812
0
120.033
0
160.446
-56.4269
-8.87768
0
126.043
0
155.587
-56.4269
-5.34178
0
132.061
0
151.381
-56.4269
-1.54738
0
132.061
0
146.907
-56.4269
2.48987
0
132.061
0
142.426
-56.4269
6.5328
0
132.061
0
137.816
-56.4269
8.03077
0
132.061
0
133.402
-56.4269
8.02423
0
126.357
0
128.634
-56.4269
7.80311
0
120.645
0
123.261
-56.4269
7.7445
0
114.567
0
117.596
-56.4269
7.43799
0
108.481
0
111.715
-56.4269
7.11603
0
102.387
0
111.6
-56.4269
6.43171
0
96.6425
0
111.141
-56.4269
5.90726
0
90.531
0
111.092
-56.4269
5.25794
0
84.411
0
105.359
-56.4269
4.69697
0
78.643
0
99.3504
-56.4269
3.49013
0
78.643
0
93.3336
-56.4269
2.28163
0
78.643
0
87.6629
-56.4269
1.14263
0
78.643
0
81.6294
-56.4269
-0.0692202
0
78.643
0
75.5875
-56.4269
-1.28275
0
78.643
0
69.5374
-56.4269
-2.49795
0
78.643
0
63.4789
-56.4269
-3.71483
0
78.643
0
57.412
-56.4269
-4.93338
0
78.643
0
51.6942
-56.4269
-6.08182
0
78.643
0
45.6107
-56.4269
-7.30372
0
78.643
0
39.5189
-56.4269
-8.52729
0
78.643
0
33.7775
-56.4269
-9.68046
0
78.643
0
27.6691
-56.4269
-10.9074
0
84.882
0
21.4549
-56.4269
-11.4639
0
91.1295
0
15.5761
-56.4269
-11.348
0
97.0175
0
10.0974
-56.4269
-10.6736
0
102.545
0
3.98248
-56.4269
-9.31295
0
108.818
0
-1.95522
-56.4269
-7.28952
0
108.818
0
-7.55121
-56.4269
-5.38252
0
108.818
0
-13.505
-56.4269
-3.3536
0
108.818
0
-19.4668
-56.4269
-1.32193
0
108.818
0
-25.4367
-56.4269
0.712471
0
108.818
0
-30.7113
-56.4269
2.50995
0
108.818
0
-36.6973
-56.4269
4.54984
0
108.818
0
-42.6913
-56.4269
6.59248
0
108.818
0
-48.6934
-56.4269
8.63785
0
108.818
0
-54.35
-56.4269
10.5655
0
108.818
0
-60.3681
-56.4269
12.6163
0
108.818
0
-66.3139
-56.4269
14.6425
0
102.537
0
-72.033
-56.4269
15.2333
0
96.7045
0
-78.1432
-56.4269
14.9033
0
96.7045
0
-84.4806
-56.4269
15.6482
0
96.7045
0
-89.6872
-56.4269
16.2603
0
96.7045
0
-95.5048
-56.4269
16.9348
0
96.7045
0
-101.237
-56.4269
17.6086
0
96.7045
0
-106.552
-56.4269
18.2334
0
96.7045
0
-112.115
-56.4269
18.8874
0
96.7045
0
-117.272
-56.4269
19.4936
0
96.7045
0
-122.984
-56.4269
20.165
0
102.456
0
-127.897
-56.4269
21.2503
0
107.488
0
-132.62
-56.4269
22.7384
0
112.44
0
-137.405
-56.4269
24.7143
0
117.616
0
-142.447
-56.4269
27.3521
0
123.307
0
-146.631
-56.4269
30.1012
0
128.313
0
-150.266
-56.4269
32.9729
0
132.945
0
-153.806
-56.4269
36.268
0
137.782
0
-156.999
-56.4269
39.7869
0
142.533
0
-159.67
-56.4269
43.2728
0
142.533
0
-162.457
-56.4269
46.9092
0
142.533
0
-165.193
-56.4269
50.4781
0
142.533
0
-167.876
-56.4269
53.9795
0
142.533
0
-170.353
-56.4269
57.2114
0
142.533
0
-172.933
-56.4269
60.5779
0
142.533
0
-175.313
-56.4269
63.6829
0
142.533
0
-177.79
-56.4269
66.9145
0
142.533
0
-180.215
-56.4269
70.0786
0
146.52
0
-182.24
-56.4269
73.1413
0
150.191
0
-184.138
-56.4269
76.4528
0
154.008
0
-185.773
-56.4269
79.8069
0
157.74
0
-186.911
-56.4269
82.5861
0
160.743
0
-188.085
-56.4269
85.9483
0
164.304
0
-189.026
-56.4269
89.2952
0
167.781
0
-189.701
-56.4269
92.4149
0
170.973
0
-190.22
-56.4269
95.6804
0
174.279
0
-190.522
-56.4269
98.6973
0
177.311
0
-190.669
-56.4269
101.83
0
180.448
0
-190.646
-56.4269
104.882
0
183.499
0
-190.465
-56.4269
107.843
0
183.499
0
-190.289
-56.4269
110.719
0
183.499
0
-190.128
-56.4269
113.346
0
183.499
0
-189.963
-56.4269
116.052
0
183.499
0
-189.802
-56.4269
118.674
0
183.499
0
-189.656
-56.4269
121.062
0
183.499
0
-189.501
-56.4269
123.607
0
183.499
0
-189.345
-56.4269
126.161
0
186.058
0
-189.09
-56.4269
128.555
0
188.466
0
-188.714
-56.4269
131.086
0
191.024
0
-188.225
-56.4269
133.597
0
193.583
0
-187.659
-56.4269
135.938
0
195.991
0
-186.954
-56.4269
138.397
0
198.549
0
-186.14
-56.4269
140.823
0
201.108
0
-185.273
-56.4269
143.069
0
203.516
0
-184.252
-56.4269
145.415
0
203.516
0
-183.232
-56.4269
147.761
0
203.516
0
-182.271
-56.4269
149.969
0
203.516
0
-181.25
-56.4269
152.315
0
203.516
0
-180.229
-56.4269
154.661
0
203.516
0
-179.268
-56.4269
156.869
0
203.516
0
-178.248
-56.4269
159.215
0
203.516
0
-177.227
-56.4269
161.561
0
206.074
0
-176.036
-56.4269
163.995
0
208.783
0
-174.804
-56.4269
166.237
0
211.342
0
-173.552
-56.4269
168.294
0
213.75
0
-172.13
-56.4269
170.421
0
216.308
0
-170.704
-56.4269
172.362
0
218.716
0
-169.104
-56.4269
174.358
0
218.716
0
-167.504
-56.4269
176.354
0
218.716
0
-165.998
-56.4269
178.233
0
218.716
0
-164.398
-56.4269
180.229
0
218.716
0
-162.797
-56.4269
182.226
0
218.716
0
-161.291
-56.4269
184.104
0
221.124
0
-159.609
-56.4269
186.032
0
223.683
0
-157.842
-56.4269
187.882
0
226.241
0
-156.102
-56.4269
189.547
0
228.649
0
-154.182
-56.4269
191.238
0
231.208
0
-152.188
-56.4269
192.841
0
233.766
0
-150.124
-56.4269
194.353
0
236.325
0
-147.995
-56.4269
195.772
0
236.325
0
-145.991
-56.4269
197.107
0
236.325
0
-143.862
-56.4269
198.525
0
236.325
0
-141.858
-56.4269
199.861
0
236.325
0
-139.729
-56.4269
201.279
0
238.883
0
-137.667
-56.4269
202.524
0
241.291
0
-135.423
-56.4269
203.753
0
243.85
0
-133.127
-56.4269
204.88
0
246.408
0
-130.782
-56.4269
205.904
0
248.967
0
-128.534
-56.4269
206.769
0
251.375
0
-126.11
-56.4269
207.586
0
251.375
0
-123.828
-56.4269
208.355
0
251.375
0
-121.403
-56.4269
209.172
0
251.375
0
-118.979
-56.4269
209.989
0
251.375
0
-116.697
-56.4269
210.758
0
253.783
0
-114.24
-56.4269
211.473
0
256.341
0
-111.754
-56.4269
212.077
0
258.9
0
-109.391
-56.4269
212.54
0
261.308
0
-106.862
-56.4269
212.927
0
263.866
0
-104.318
-56.4269
213.2
0
266.425
0
-101.765
-56.4269
213.36
0
266.425
0
-99.3614
-56.4269
213.51
0
266.425
0
-96.8079
-56.4269
213.67
0
266.425
0
-94.4046
-56.4269
213.82
0
266.425
0
-91.8511
-56.4269
213.979
0
266.425
0
-89.2975
-56.4269
214.139
0
266.425
0
-86.8942
-56.4269
214.289
0
266.425
0
-84.3407
-56.4269
214.449
0
266.425
0
-81.7872
-56.4269
214.608
0
266.425
0
-79.3839
-56.4269
214.759
0
266.425
0
-76.8303
-56.4269
214.918
0
268.983
0
-74.2722
-56.4269
214.964
0
271.542
0
-71.8651
-56.4269
214.899
0
273.95
0
-69.3127
-56.4269
214.723
0
276.508
0
-66.7707
-56.4269
214.433
0
279.067
0
-64.2441
-56.4269
214.029
0
279.067
0
-61.8662
-56.4269
213.65
0
279.067
0
-59.3397
-56.4269
213.247
0
279.067
0
-56.9618
-56.4269
212.867
0
279.067
0
-54.4352
-56.4269
212.464
0
279.067
0
-51.9087
-56.4269
212.061
0
279.067
0
-49.5308
-56.4269
211.681
0
279.067
0
-47.0043
-56.4269
211.278
0
279.067
0
-44.4777
-56.4269
210.875
0
279.067
0
-42.0998
-56.4269
210.496
0
279.067
0
-39.5733
-56.4269
210.093
0
279.067
0
-37.0467
-56.4269
209.689
0
279.067
0
-34.6688
-56.4269
209.31
0
276.659
0
-32.1276
-56.4269
209.013
0
274.1
0
-29.5756
-56.4269
208.83
0
271.542
0
-27.1685
-56.4269
208.766
0
269.134
0
-24.6103
-56.4269
208.804
0
269.134
0
-22.0521
-56.4269
208.843
0
269.134
0
-19.6444
-56.4269
208.879
0
269.134
0
-17.0862
-56.4269
208.918
0
269.134
0
-14.5279
-56.4269
208.957
0
269.134
0
-11.9697
-56.4269
208.995
0
269.134
0
-9.56201
-56.4269
209.032
0
269.134
0
-6.96981
-56.4269
209.071
0
269.134
0
-4.49809
-56.4269
209.108
0
269.134
0
-1.83789
-56.4269
209.148
0
269.134
0
0.856298
-56.4269
209.189
0
269.134
0
3.58449
-56.4269
209.23
0
269.134
0
6.18419
-56.4269
209.27
0
269.134
0
8.98037
-56.4269
209.312
0
269.134
0
11.6441
-56.4269
209.352
0
269.134
0
14.5082
-56.4269
209.396
0
269.134
0
17.4064
-56.4269
209.439
0
269.134
0
20.1661
-56.4269
209.481
0
269.134
0
23.1323
-56.4269
209.526
0
269.134
0
25.9559
-56.4269
209.569
0
269.134
0
28.9901
-56.4269
209.615
0
269.134
0
31.8778
-56.4269
209.658
0
269.134
0
34.9799
-56.4269
209.705
0
269.134
0
38.116
-56.4269
209.753
0
269.134
0
41.0997
-56.4269
209.798
0
269.134
0
44.3038
-56.4269
209.846
0
269.134
0
47.542
-56.4269
209.895
0
269.134
0
50.6216
-56.4269
209.942
0
269.134
0
53.9277
-56.4269
209.992
0
269.134
0
57.2679
-56.4269
210.042
0
269.134
0
60.642
-56.4269
210.093
0
269.134
0
63.8496
-56.4269
210.142
0
269.134
0
67.2917
-56.4269
210.194
0
269.134
0
70.5633
-56.4269
210.243
0
269.134
0
74.0734
-56.4269
210.296
0
269.134
0
77.6175
-56.4269
210.35
0
269.134
0
80.7747
-56.4269
210.398
0
269.134
0
83.9618
-56.4269
210.446
0
272.351
0
87.6053
-56.4269
210.296
0
276.032
0
91.2654
-56.4269
209.91
0
279.746
0
94.7109
-56.4269
209.318
0
279.746
0
98.4053
-56.4269
208.683
0
279.746
0
102.133
-56.4269
208.043
0
279.746
0
105.895
-56.4269
207.397
0
279.746
0
109.466
-56.4269
206.783
0
279.746
0
113.295
-56.4269
206.126
0
279.746
0
116.93
-56.4269
205.501
0
279.746
0
120.825
-56.4269
204.832
0
279.746
0
124.523
-56.4269
204.197
0
279.746
0
128.485
-56.4269
203.517
0
279.746
0
132.481
-56.4269
202.83
0
279.746
0
136.511
-56.4269
202.138
0
279.746
0
140.574
-56.4269
201.44
0
279.746
0
144.429
-56.4269
200.778
0
275.802
0
148.353
-56.4269
200.379
0
271.826
0
152.576
-56.4269
200.245
0
271.826
0
156.832
-56.4269
200.109
0
271.826
0
160.846
-56.4269
199.981
0
271.826
0
165.119
-56.4269
199.845
0
271.826
0
169.401
-56.4269
199.708
0
271.826
0
173.439
-56.4269
199.58
0
271.826
0
177.738
-56.4269
199.443
0
271.826
0
182.045
-56.4269
199.305
0
271.826
0
186.361
-56.4269
199.168
0
271.826
0
190.685
-56.4269
199.03
0
271.826
0
194.763
-56.4269
198.9
0
271.826
0
198.849
-56.4269
198.77
0
271.826
0
203.199
-56.4269
198.631
0
271.826
0
207.557
-56.4269
198.492
0
271.826
0
211.924
-56.4269
198.353
0
271.826
0
216.042
-56.4269
198.221
0
271.826
0
220.426
-56.4269
198.082
0
276.221
0
224.537
-56.4269
197.633
0
280.365
0
228.868
-56.4269
196.841
0
284.776
0
233.134
-56.4269
195.716
0
289.196
0
237.063
-56.4269
194.348
0
293.364
0
241.128
-56.4269
192.592
0
297.801
0
245.746
-56.4269
190.158
0
303.031
0
249.253
-56.4269
187.877
0
307.223
0
252.8
-56.4269
185.183
0
311.686
0
256.133
-56.4269
182.215
0
311.686
0
259.472
-56.4269
179.241
0
311.686
0
262.62
-56.4269
176.438
0
311.686
0
265.972
-56.4269
173.453
0
311.686
0
269.132
-56.4269
170.638
0
311.686
0
272.497
-56.4269
167.642
0
311.686
0
275.669
-56.4269
164.817
0
311.686
0
279.046
-56.4269
161.81
0
316.216
0
282.181
-56.4269
158.539
0
320.755
0
284.884
-56.4269
155.231
0
325.035
0
287.49
-56.4269
151.504
0
329.591
0
289.796
-56.4269
147.575
0
334.156
0
291.786
-56.4269
143.467
0
338.729
0
293.347
-56.4269
139.456
0
343.041
0
294.683
-56.4269
135.074
0
347.631
0
295.667
-56.4269
130.59
0
352.229
0
296.252
-56.4269
126.302
0
352.229
0
296.875
-56.4269
121.737
0
352.229
0
297.499
-56.4269
117.164
0
352.229
0
298.087
-56.4269
112.852
0
352.229
0
298.677
-56.4269
108.532
0
356.597
0
298.952
-56.4269
103.899
0
0
0
298.952
-56.4269
98.9764
0
4.932
0
298.575
-56.4269
94.6087
0
9.324
0
297.864
-56.4269
90.2747
0
13.724
0
296.689
-56.4269
85.466
0
18.683
0
295.277
-56.4269
81.2903
0
23.099
0
293.545
-56.4269
77.2283
0
23.099
0
291.701
-56.4269
72.9047
0
23.099
0
289.853
-56.4269
68.5732
0
23.099
0
288.112
-56.4269
64.4892
0
23.099
0
286.257
-56.4269
60.1421
0
23.099
0
284.4
-56.4269
55.7871
0
27.842
0
282.315
-56.4269
51.8399
0
32.314
0
279.775
-56.4269
47.8243
0
37.074
0
276.906
-56.4269
44.0265
0
41.8425
0
273.912
-56.4269
40.683
0
41.8425
0
270.725
-56.4269
37.1242
0
41.8425
0
267.533
-56.4269
33.5591
0
41.8425
0
264.523
-56.4269
30.1977
0
41.8425
0
261.319
-56.4269
26.62
0
41.8425
0
258.11
-56.4269
23.0359
0
41.8425
0
254.895
-56.4269
19.4454
0
41.8425
0
251.864
-56.4269
16.0602
0
41.8425
0
248.637
-56.4269
12.4571
0
41.8425
0
245.595
-56.4269
9.06
0
46.4105
0
242.08
-56.4269
5.71358
0
51.2725
0
238.287
-56.4269
2.67183
0
56.143
0
234.48
-56.4269
0.117978
0
60.735
0
230.224
-56.4269
-2.26712
0
65.6225
0
225.772
-56.4269
-4.28442
0
65.6225
0
221.575
-56.4269
-6.18636
0
65.6225
0
217.108
-56.4269
-8.21067
0
65.6225
0
212.633
-56.4269
-10.2385
0
65.6225
0
208.414
-56.4269
-12.1503
0
65.6225
0
203.923
-56.4269
-14.1852
0
70.561
0
199.266
-56.4269
-15.8287
0
75.508
0
194.759
-56.4269
-16.9939
0
80.172
0
189.876
-56.4269
-17.8397
0
85.136
0
184.93
-56.4269
-18.2606
0
90.1085
0
180.25
-56.4269
-18.2518
0
94.7965
0
175.286
-56.4269
-17.8353
0
94.7965
0
170.314
-56.4269
-17.4181
0
94.7965
0
165.627
-56.4269
-17.0247
0
94.7965
0
160.638
-56.4269
-16.6061
0
94.7965
0
155.64
-56.4269
-16.1868
0
94.7965
0
150.929
-56.4269
-15.7914
0
94.7965
0
145.914
-56.4269
-15.3707
0
94.7965
0
140.892
-56.4269
-14.9492
0
94.7965
0
136.156
-56.4269
-14.5519
0
94.7965
0
131.116
-56.4269
-14.129
0
94.7965
0
126.068
-56.4269
-13.7054
0
94.7965
0
121.309
-56.4269
-13.306
0
94.7965
0
116.244
-56.4269
-12.881
0
94.7965
0
111.17
-56.4269
-12.4552
0
94.7965
0
106.088
-56.4269
-12.0288
0
94.7965
0
101.297
-56.4269
-11.6268
0
94.7965
0
96.1976
-56.4269
-11.1989
0
94.7965
0
91.0901
-56.4269
-10.7703
0
94.7965
0
85.974
-56.4269
-10.341
0
94.7965
0
81.151
-56.4269
-9.93632
0
94.7965
0
75.7161
-56.4269
-9.48027
0
94.7965
0
70.5747
-56.4269
-9.04885
0
94.7965
0
65.7277
-56.4269
-8.64214
0
94.7965
0
60.5693
-56.4269
-8.20929
0
94.7965
0
55.7064
-56.4269
-7.80124
0
94.7965
0
50.5311
-56.4269
-7.36698
0
94.7965
0
45.6522
-56.4269
-6.95759
0
94.7965
0
40.46
-56.4269
-6.5219
0
94.7965
0
35.2593
-56.4269
-6.0855
0
94.7965
0
30.3565
-56.4269
-5.67411
0
94.7965
0
25.1388
-56.4269
-5.23629
0
94.7965
0
19.9127
-56.4269
-4.79776
0
94.7965
0
15.2939
-56.4269
-4.4102
0
94.7965
0
10.0509
-56.4269
-3.97024
0
94.7965
0
5.10823
-56.4269
-3.5555
0
94.7965
0
-0.461201
-56.4269
-3.08817
0
94.7965
0
-5.10986
-56.4269
-2.69809
0
94.7965
0
-10.3868
-56.4269
-2.2553
0
94.7965
0
-15.6722
-56.4269
-1.8118
0
94.7965
0
-20.6547
-56.4269
-1.39371
0
94.7965
0
-25.9571
-56.4269
-0.948785
0
94.7965
0
-30.9555
-56.4269
-0.529362
0
94.7965
0
-36.2748
-56.4269
-0.0830142
0
94.7965
0
-41.2892
-56.4269
0.337747
0
94.7965
0
-46.6255
-56.4269
0.785516
0
94.7965
0
-51.9702
-56.4269
1.234
0
94.7965
0
-57.3234
-56.4269
1.68319
0
94.7965
0
-62.3696
-56.4269
2.10662
0
94.7965
0
-67.7398
-56.4269
2.55724
0
94.7965
0
-73.1184
-56.4269
3.00856
0
94.7965
0
-78.1885
-56.4269
3.434
0
94.7965
0
-83.5841
-56.4269
3.88675
0
94.7965
0
-88.9881
-56.4269
4.3402
0
94.7965
0
-94.0822
-56.4269
4.76765
0
94.7965
0
-99.5031
-56.4269
5.22253
0
94.7965
0
-104.613
-56.4269
5.65132
0
94.7965
0
-110.051
-56.4269
6.10762
0
94.7965
0
-115.497
-56.4269
6.56462
0
94.7965
0
-120.952
-56.4269
7.02234
0
100.279
0
-126.029
-56.4269
7.9431
0
105.447
0
-131.322
-56.4269
9.40561
0
110.947
0
-136.156
-56.4269
11.256
0
116.131
0
-141.683
-56.4269
13.9672
0
122.296
0
-146.346
-56.4269
16.9146
0
127.821
0
-150.71
-56.4269
20.3026
0
133.354
0
-154.497
-56.4269
23.8779
0
138.57
0
-158.164
-56.4269
28.0331
0
144.121
0
-161.417
-56.4269
32.5305
0
144.121
0
-164.484
-56.4269
36.7697
0
144.121
0
-167.747
-56.4269
41.2808
0
144.121
0
-171.015
-56.4269
45.7988
0
144.121
0
-174.095
-56.4269
50.0575
0
144.121
0
-177.373
-56.4269
54.5893
0
144.121
0
-180.656
-56.4269
59.128
0
144.121
0
-183.703
-56.4269
63.3413
0
144.121
0
-186.892
-56.4269
67.7491
0
149.561
0
-189.605
-56.4269
72.366
0
154.916
0
-191.707
-56.4269
76.8582
0
159.876
0
-193.281
-56.4269
81.1539
0
164.451
0
-194.568
-56.4269
85.7782
0
169.251
0
-195.503
-56.4269
90.7052
0
174.266
0
-195.996
-56.4269
95.6106
0
179.196
0
-196.06
-56.4269
100.17
0
183.756
0
-195.748
-56.4269
104.92
0
188.516
0
-195.056
-56.4269
109.543
0
188.516
0
-194.416
-56.4269
113.816
0
188.516
0
-193.749
-56.4269
118.271
0
188.516
0
-193.094
-56.4269
122.642
0
188.516
0
-192.49
-56.4269
126.677
0
188.516
0
-191.861
-56.4269
130.881
0
192.766
0
-190.941
-56.4269
134.943
0
196.931
0
-189.822
-56.4269
138.616
0
200.771
0
-188.406
-56.4269
142.351
0
204.766
0
-186.575
-56.4269
146.32
0
209.136
0
-184.713
-56.4269
149.661
0
212.961
0
-182.797
-56.4269
152.614
0
216.481
0
-180.624
-56.4269
155.553
0
220.136
0
-178.458
-56.4269
158.122
0
220.136
0
-176.212
-56.4269
160.786
0
220.136
0
-174.02
-56.4269
163.385
0
220.136
0
-171.884
-56.4269
165.92
0
220.136
0
-169.924
-56.4269
168.244
0
220.136
0
-167.897
-56.4269
170.648
0
220.136
0
-165.924
-56.4269
172.988
0
223.196
0
-164.008
-56.4269
175.029
0
225.996
0
-161.929
-56.4269
177.037
0
228.886
0
-159.816
-56.4269
178.881
0
231.691
0
-157.807
-56.4269
180.468
0
234.251
0
-155.668
-56.4269
182.007
0
236.886
0
-153.658
-56.4269
183.319
0
236.886
0
-151.515
-56.4269
184.716
0
236.886
0
-149.372
-56.4269
186.114
0
236.886
0
-147.355
-56.4269
187.429
0
236.886
0
-145.212
-56.4269
188.827
0
236.886
0
-143.069
-56.4269
190.225
0
236.886
0
-140.926
-56.4269
191.623
0
236.886
0
-138.91
-56.4269
192.938
0
236.886
0
-136.767
-56.4269
194.336
0
239.444
0
-134.693
-56.4269
195.56
0
241.852
0
-132.437
-56.4269
196.767
0
244.411
0
-130.13
-56.4269
197.872
0
246.969
0
-127.913
-56.4269
198.814
0
249.377
0
-125.519
-56.4269
199.715
0
251.936
0
-123.086
-56.4269
200.509
0
251.936
0
-120.797
-56.4269
201.255
0
251.936
0
-118.365
-56.4269
202.049
0
251.936
0
-115.932
-56.4269
202.842
0
251.936
0
-113.643
-56.4269
203.589
0
251.936
0
-111.211
-56.4269
204.382
0
251.936
0
-108.778
-56.4269
205.175
0
254.494
0
-106.313
-56.4269
205.859
0
257.053
0
-103.966
-56.4269
206.399
0
259.461
0
-101.451
-56.4269
206.867
0
262.019
0
-98.917
-56.4269
207.222
0
264.578
0
-96.5198
-56.4269
207.449
0
266.986
0
-93.9648
-56.4269
207.584
0
266.986
0
-91.5602
-56.4269
207.711
0
266.986
0
-89.0052
-56.4269
207.845
0
266.986
0
-86.4502
-56.4269
207.98
0
266.986
0
-84.0456
-56.4269
208.106
0
266.986
0
-81.4906
-56.4269
208.241
0
266.986
0
-78.9357
-56.4269
208.375
0
266.986
0
-76.531
-56.4269
208.502
0
266.986
0
-73.976
-56.4269
208.636
0
269.544
0
-71.4176
-56.4269
208.657
0
272.103
0
-69.0112
-56.4269
208.568
0
274.511
0
-66.4607
-56.4269
208.367
0
274.511
0
-63.9101
-56.4269
208.166
0
274.511
0
-61.5096
-56.4269
207.977
0
274.511
0
-58.959
-56.4269
207.775
0
274.511
0
-56.5585
-56.4269
207.586
0
274.511
0
-54.0079
-56.4269
207.385
0
274.511
0
-51.4573
-56.4269
207.183
0
274.511
0
-48.9067
-56.4269
206.982
0
274.511
0
-46.5062
-56.4269
206.793
0
274.511
0
-43.9556
-56.4269
206.592
0
274.511
0
-41.4051
-56.4269
206.39
0
274.511
0
-39.0045
-56.4269
206.201
0
274.511
0
-36.4539
-56.4269
206
0
271.952
0
-33.8969
-56.4269
205.913
0
269.394
0
-31.4891
-56.4269
205.938
0
266.986
0
-28.9341
-56.4269
206.073
0
264.427
0
-26.3877
-56.4269
206.321
0
261.869
0
-24.0039
-56.4269
206.662
0
261.869
0
-21.4711
-56.4269
207.023
0
261.869
0
-18.9383
-56.4269
207.385
0
261.869
0
-16.5546
-56.4269
207.726
0
261.869
0
-14.0218
-56.4269
208.088
0
261.869
0
-11.489
-56.4269
208.45
0
261.869
0
-8.92256
-56.4269
208.816
0
261.869
0
-6.47541
-56.4269
209.166
0
261.869
0
-3.84165
-56.4269
209.542
0
264.563
0
-1.31706
-56.4269
209.783
0
267.131
0
1.40802
-56.4269
209.919
0
269.894
0
4.17051
-56.4269
209.924
0
272.69
0
6.79961
-56.4269
209.801
0
275.354
0
9.61776
-56.4269
209.536
0
275.354
0
12.4698
-56.4269
209.269
0
275.354
0
15.1859
-56.4269
209.015
0
275.354
0
18.1056
-56.4269
208.741
0
275.354
0
20.8854
-56.4269
208.48
0
275.354
0
23.8728
-56.4269
208.2
0
275.354
0
26.8941
-56.4269
207.917
0
275.354
0
29.7694
-56.4269
207.648
0
275.354
0
32.8584
-56.4269
207.358
0
275.354
0
35.7975
-56.4269
207.083
0
275.354
0
38.9542
-56.4269
206.787
0
275.354
0
42.1447
-56.4269
206.488
0
275.354
0
45.1794
-56.4269
206.203
0
275.354
0
48.4376
-56.4269
205.898
0
275.354
0
51.7297
-56.4269
205.589
0
275.354
0
55.0556
-56.4269
205.278
0
275.354
0
58.4154
-56.4269
204.963
0
275.354
0
61.6094
-56.4269
204.663
0
275.354
0
64.8353
-56.4269
204.361
0
275.354
0
68.2966
-56.4269
204.037
0
275.354
0
71.7918
-56.4269
203.709
0
275.354
0
75.3208
-56.4269
203.378
0
275.354
0
78.6741
-56.4269
203.064
0
275.354
0
81.8477
-56.4269
202.767
0
275.354
0
85.0512
-56.4269
202.466
0
275.354
0
88.7156
-56.4269
202.123
0
271.64
0
92.4286
-56.4269
202.017
0
267.891
0
96.1746
-56.4269
202.155
0
264.109
0
99.9371
-56.4269
202.543
0
260.292
0
103.256
-56.4269
203.111
0
256.895
0
107.007
-56.4269
203.984
0
256.895
0
110.79
-56.4269
204.864
0
256.895
0
114.382
-56.4269
205.701
0
256.895
0
118.231
-56.4269
206.597
0
256.895
0
122.114
-56.4269
207.501
0
256.895
0
126.03
-56.4269
208.412
0
256.895
0
129.979
-56.4269
209.332
0
260.983
0
133.779
-56.4269
209.935
0
264.863
0
137.885
-56.4269
210.304
0
269.02
0
142.041
-56.4269
210.375
0
273.21
0
145.979
-56.4269
210.154
0
277.186
0
149.924
-56.4269
209.657
0
281.194
0
154.101
-56.4269
208.83
0
281.194
0
158.287
-56.4269
208.002
0
281.194
0
162.234
-56.4269
207.22
0
281.194
0
166.437
-56.4269
206.389
0
281.194
0
170.648
-56.4269
205.555
0
281.194
0
174.619
-56.4269
204.769
0
281.194
0
179.095
-56.4269
203.884
0
281.194
0
183.082
-56.4269
203.095
0
281.194
0
187.326
-56.4269
202.255
0
281.194
0
191.328
-56.4269
201.462
0
281.194
0
195.589
-56.4269
200.619
0
281.194
0
199.858
-56.4269
199.774
0
281.194
0
203.884
-56.4269
198.978
0
281.194
0
208.17
-56.4269
198.129
0
281.194
0
212.464
-56.4269
197.28
0
281.194
0
216.514
-56.4269
196.478
0
281.194
0
220.825
-56.4269
195.625
0
281.194
0
224.89
-56.4269
194.821
0
281.194
0
229.217
-56.4269
193.964
0
281.194
0
233.553
-56.4269
193.106
0
281.194
0
237.642
-56.4269
192.297
0
285.37
0
241.92
-56.4269
191.121
0
289.816
0
246.103
-56.4269
189.614
0
294.27
0
250.402
-56.4269
187.675
0
298.995
0
254.535
-56.4269
185.385
0
303.729
0
258.034
-56.4269
183.048
0
307.945
0
261.567
-56.4269
180.294
0
312.433
0
264.684
-56.4269
177.444
0
316.665
0
267.952
-56.4269
173.981
0
321.435
0
270.595
-56.4269
170.666
0
325.683
0
272.99
-56.4269
167.157
0
329.939
0
275.255
-56.4269
163.243
0
334.469
0
277.208
-56.4269
159.155
0
339.008
0
278.834
-56.4269
154.918
0
343.556
0
280.045
-56.4269
150.813
0
343.556
0
281.335
-56.4269
146.443
0
343.556
0
282.627
-56.4269
142.065
0
343.556
0
283.845
-56.4269
137.937
0
343.556
0
285.142
-56.4269
133.543
0
343.556
0
286.442
-56.4269
129.141
0
343.556
0
287.667
-56.4269
124.99
0
343.556
0
288.971
-56.4269
120.571
0
343.556
0
290.277
-56.4269
116.145
0
343.556
0
291.509
-56.4269
111.971
0
343.556
0
292.821
-56.4269
107.528
0
343.556
0
294.135
-56.4269
103.076
0
348.205
0
295.029
-56.4269
98.7929
0
352.589
0
295.63
-56.4269
94.1738
0
357.256
0
295.853
-56.4269
89.5126
0
0
0
295.853
-56.4269
85.1126
0
4.408
0
295.472
-56.4269
80.1683
0
9.376
0
294.753
-56.4269
75.8113
0
13.8
0
293.632
-56.4269
71.2465
0
18.509
0
292.225
-56.4269
67.0437
0
22.949
0
290.385
-56.4269
62.6996
0
27.675
0
288.319
-56.4269
58.7605
0
32.131
0
285.801
-56.4269
54.7511
0
32.131
0
283.279
-56.4269
50.7346
0
32.131
0
280.9
-56.4269
46.9476
0
32.131
0
278.368
-56.4269
42.9166
0
32.131
0
275.982
-56.4269
39.116
0
32.131
0
273.441
-56.4269
35.0707
0
32.131
0
270.896
-56.4269
31.0182
0
32.131
0
268.496
-56.4269
27.1973
0
32.131
0
265.942
-56.4269
23.1303
0
32.131
0
263.383
-56.4269
19.0562
0
32.131
0
260.82
-56.4269
14.9749
0
36.959
0
258.088
-56.4269
11.344
0
41.511
0
254.882
-56.4269
7.72224
0
46.356
0
251.376
-56.4269
4.37834
0
51.2095
0
247.593
-56.4269
1.33775
0
56.0715
0
243.796
-56.4269
-1.21638
0
56.0715
0
239.755
-56.4269
-3.93489
0
56.0715
0
235.945
-56.4269
-6.49795
0
56.0715
0
231.89
-56.4269
-9.22595
0
56.0715
0
228.066
-56.4269
-11.7979
0
56.0715
0
223.997
-56.4269
-14.5354
0
56.0715
0
219.92
-56.4269
-17.2777
0
56.0715
0
215.837
-56.4269
-20.0246
0
61.0015
0
211.778
-56.4269
-22.274
0
65.6495
0
207.279
-56.4269
-24.3103
0
70.5965
0
202.613
-56.4269
-25.9538
0
75.552
0
198.097
-56.4269
-27.1174
0
80.224
0
193.493
-56.4269
-27.9107
0
84.904
0
188.54
-56.4269
-28.3524
0
89.885
0
183.559
-56.4269
-28.3624
0
89.885
0
178.569
-56.4269
-28.3724
0
89.885
0
173.571
-56.4269
-28.3824
0
89.885
0
168.565
-56.4269
-28.3925
0
89.885
0
163.845
-56.4269
-28.402
0
89.885
0
159.117
-56.4269
-28.4115
0
89.885
0
154.085
-56.4269
-28.4216
0
89.885
0
149.044
-56.4269
-28.4317
0
89.885
0
144.292
-56.4269
-28.4412
0
89.885
0
139.235
-56.4269
-28.4514
0
89.885
0
134.169
-56.4269
-28.4615
0
89.885
0
129.393
-56.4269
-28.4711
0
89.885
0
124.31
-56.4269
-28.4813
0
89.885
0
119.218
-56.4269
-28.4915
0
94.985
0
114.437
-56.4269
-28.0744
0
99.793
0
109.403
-56.4269
-27.2055
0
104.91
0
104.458
-56.4269
-25.8889
0
110.035
0
99.6425
-56.4269
-24.1329
0
110.035
0
95.1029
-56.4269
-22.4775
0
110.035
0
90.2716
-56.4269
-20.7156
0
110.035
0
85.717
-56.4269
-19.0547
0
110.035
0
80.8698
-56.4269
-17.287
0
110.035
0
75.7289
-56.4269
-15.4123
0
110.035
0
70.8657
-56.4269
-13.6388
0
110.035
0
66.2811
-56.4269
-11.9669
0
110.035
0
61.4019
-56.4269
-10.1876
0
110.035
0
56.5147
-56.4269
-8.40541
0
104.825
0
51.7739
-56.4269
-7.15064
0
99.913
0
46.6329
-56.4269
-6.25217
0
94.6855
0
41.4228
-56.4269
-5.82516
0
89.4495
0
36.495
-56.4269
-5.87251
0
89.4495
0
31.2508
-56.4269
-5.9229
0
89.4495
0
25.998
-56.4269
-5.97337
0
89.4495
0
21.0463
-56.4269
-6.02095
0
89.4495
0
15.7765
-56.4269
-6.07158
0
89.4495
0
10.8087
-56.4269
-6.11931
0
89.4495
0
5.83297
-56.4269
-6.16712
0
89.4495
0
0.537711
-56.4269
-6.218
0
89.4495
0
-4.45406
-56.4269
-6.26596
0
89.4495
0
-9.45383
-56.4269
-6.314
0
89.4495
0
-14.7746
-56.4269
-6.36513
0
89.4495
0
-20.1038
-56.4269
-6.41633
0
89.4495
0
-25.4416
-56.4269
-6.46762
0
89.4495
0
-30.4734
-56.4269
-6.51597
0
89.4495
0
-35.5131
-56.4269
-6.56439
0
89.4495
0
-40.8764
-56.4269
-6.61593
0
89.4495
0
-46.2481
-56.4269
-6.66754
0
89.4495
0
-51.6284
-56.4269
-6.71923
0
89.4495
0
-56.7002
-56.4269
-6.76797
0
89.4495
0
-62.0974
-56.4269
-6.81983
0
89.4495
0
-67.1852
-56.4269
-6.86871
0
89.4495
0
-72.5994
-56.4269
-6.92073
0
89.4495
0
-78.0222
-56.4269
-6.97284
0
94.881
0
-83.434
-56.4269
-6.51069
0
100.321
0
-88.786
-56.4269
-5.53604
0
105.77
0
-93.721
-56.4269
-4.14242
0
110.906
0
-98.8187
-56.4269
-2.19521
0
116.371
0
-104.004
-56.4269
0.375271
0
122.167
0
-108.637
-56.4269
3.28957
0
122.167
0
-113.005
-56.4269
6.03669
0
122.167
0
-117.653
-56.4269
8.96004
0
122.167
0
-122.309
-56.4269
11.8879
0
122.167
0
-126.971
-56.4269
14.8203
0
122.167
0
-131.366
-56.4269
17.5845
0
122.167
0
-136.043
-56.4269
20.5259
0
122.167
0
-140.727
-56.4269
23.4719
0
122.167
0
-145.419
-56.4269
26.4224
0
122.167
0
-149.841
-56.4269
29.2036
0
122.167
0
-154.546
-56.4269
32.1631
0
122.167
0
-158.982
-56.4269
34.9529
0
127.415
0
-163.411
-56.4269
38.3408
0
132.999
0
-167.495
-56.4269
42.1493
0
138.592
0
-170.977
-56.4269
46.0975
0
143.865
0
-174.086
-56.4269
50.3553
0
149.145
0
-176.963
-56.4269
55.1712
0
154.763
0
-179.322
-56.4269
60.1766
0
160.296
0
-180.943
-56.4269
64.7026
0
165.104
0
-182.322
-56.4269
69.8859
0
170.467
0
-183.144
-56.4269
74.7853
0
175.435
0
-183.558
-56.4269
79.9623
0
175.435
0
-183.94
-56.4269
84.7551
0
175.435
0
-184.34
-56.4269
89.7626
0
175.435
0
-184.71
-56.4269
94.3959
0
175.435
0
-185.096
-56.4269
99.234
0
175.435
0
-185.476
-56.4269
103.987
0
175.435
0
-185.849
-56.4269
108.656
0
175.435
0
-186.193
-56.4269
112.97
0
179.763
0
-186.211
-56.4269
117.218
0
184.011
0
-185.901
-56.4269
121.636
0
188.44
0
-185.263
-56.4269
125.932
0
192.783
0
-184.376
-56.4269
129.841
0
196.791
0
-183.171
-56.4269
133.837
0
200.965
0
-181.708
-56.4269
137.654
0
205.053
0
-179.813
-56.4269
141.708
0
205.053
0
-178.251
-56.4269
145.049
0
205.053
0
-176.628
-56.4269
148.522
0
205.053
0
-175.134
-56.4269
151.718
0
205.053
0
-173.583
-56.4269
155.037
0
205.053
0
-172.067
-56.4269
158.278
0
205.053
0
-170.675
-56.4269
161.257
0
205.053
0
-169.232
-56.4269
164.345
0
205.053
0
-167.824
-56.4269
167.356
0
205.053
0
-166.533
-56.4269
170.117
0
208.102
0
-165.048
-56.4269
172.899
0
211.255
0
-163.456
-56.4269
175.522
0
214.324
0
-161.774
-56.4269
177.986
0
217.307
0
-160.12
-56.4269
180.156
0
220.035
0
-158.31
-56.4269
182.31
0
222.849
0
-156.455
-56.4269
184.31
0
222.849
0
-154.763
-56.4269
186.134
0
222.849
0
-153.023
-56.4269
188.01
0
222.849
0
-151.385
-56.4269
189.776
0
222.849
0
-149.645
-56.4269
191.651
0
222.849
0
-147.905
-56.4269
193.527
0
222.849
0
-146.166
-56.4269
195.403
0
225.407
0
-144.451
-56.4269
197.094
0
227.815
0
-142.555
-56.4269
198.812
0
230.374
0
-140.584
-56.4269
200.443
0
232.932
0
-138.663
-56.4269
201.895
0
235.34
0
-136.559
-56.4269
203.35
0
237.899
0
-134.391
-56.4269
204.71
0
240.457
0
-132.165
-56.4269
205.971
0
240.457
0
-130.07
-56.4269
207.158
0
240.457
0
-127.845
-56.4269
208.42
0
240.457
0
-125.75
-56.4269
209.607
0
240.457
0
-123.524
-56.4269
210.869
0
243.016
0
-121.378
-56.4269
211.961
0
245.424
0
-119.051
-56.4269
213.026
0
247.982
0
-116.679
-56.4269
213.985
0
250.541
0
-114.267
-56.4269
214.837
0
253.099
0
-111.963
-56.4269
215.537
0
255.507
0
-109.486
-56.4269
216.177
0
258.066
0
-107.13
-56.4269
216.675
0
258.066
0
-104.627
-56.4269
217.204
0
258.066
0
-102.271
-56.4269
217.702
0
258.066
0
-99.7676
-56.4269
218.232
0
258.066
0
-97.2644
-56.4269
218.761
0
260.624
0
-94.7401
-56.4269
219.177
0
263.183
0
-92.3491
-56.4269
219.463
0
265.591
0
-89.6482
-56.4269
219.672
0
268.3
0
-87.2412
-56.4269
219.743
0
270.708
0
-84.8334
-56.4269
219.713
0
273.116
0
-82.2787
-56.4269
219.574
0
273.116
0
-79.724
-56.4269
219.435
0
273.116
0
-77.3195
-56.4269
219.304
0
273.116
0
-74.7648
-56.4269
219.165
0
273.116
0
-72.2101
-56.4269
219.026
0
273.116
0
-69.8057
-56.4269
218.895
0
275.524
0
-67.259
-56.4269
218.649
0
278.082
0
-64.7259
-56.4269
218.289
0
280.641
0
-62.3593
-56.4269
217.845
0
283.049
0
-59.8669
-56.4269
217.267
0
285.607
0
-57.4027
-56.4269
216.579
0
285.607
0
-55.0835
-56.4269
215.931
0
285.607
0
-52.6194
-56.4269
215.242
0
285.607
0
-50.1552
-56.4269
214.554
0
285.607
0
-47.836
-56.4269
213.906
0
285.607
0
-45.3718
-56.4269
213.218
0
285.607
0
-43.0526
-56.4269
212.57
0
285.607
0
-40.5884
-56.4269
211.882
0
285.607
0
-38.1243
-56.4269
211.193
0
283.049
0
-35.6318
-56.4269
210.616
0
280.49
0
-33.2641
-56.4269
210.177
0
278.082
0
-30.731
-56.4269
209.818
0
275.524
0
-28.1844
-56.4269
209.571
0
272.965
0
-25.7796
-56.4269
209.447
0
270.557
0
-23.2212
-56.4269
209.422
0
267.999
0
-20.6643
-56.4269
209.511
0
267.999
0
-18.2577
-56.4269
209.595
0
267.999
0
-15.7008
-56.4269
209.685
0
267.999
0
-13.1439
-56.4269
209.774
0
267.999
0
-10.7373
-56.4269
209.858
0
267.999
0
-8.1464
-56.4269
209.949
0
267.999
0
-5.5215
-56.4269
210.041
0
267.999
0
-3.01903
-56.4269
210.128
0
267.999
0
-0.326173
-56.4269
210.222
0
267.999
0
2.40066
-56.4269
210.317
0
267.999
0
5.16148
-56.4269
210.414
0
267.999
0
7.79187
-56.4269
210.506
0
267.999
0
10.6206
-56.4269
210.605
0
267.999
0
13.4834
-56.4269
210.705
0
267.999
0
16.2097
-56.4269
210.8
0
267.999
0
19.1404
-56.4269
210.902
0
267.999
0
21.9307
-56.4269
211
0
267.999
0
24.9294
-56.4269
211.105
0
267.999
0
27.7837
-56.4269
211.204
0
267.999
0
30.6699
-56.4269
211.305
0
267.999
0
33.7705
-56.4269
211.414
0
267.999
0
36.9051
-56.4269
211.523
0
267.999
0
40.0737
-56.4269
211.634
0
267.999
0
43.0878
-56.4269
211.739
0
267.999
0
46.3244
-56.4269
211.852
0
271.271
0
49.4036
-56.4269
211.784
0
274.383
0
52.7004
-56.4269
211.531
0
277.724
0
56.0106
-56.4269
211.082
0
281.098
0
59.322
-56.4269
210.433
0
281.098
0
62.47
-56.4269
209.815
0
281.098
0
65.8481
-56.4269
209.153
0
281.098
0
69.059
-56.4269
208.523
0
281.098
0
72.5038
-56.4269
207.847
0
281.098
0
75.982
-56.4269
207.165
0
281.098
0
79.287
-56.4269
206.516
0
281.098
0
82.6235
-56.4269
205.862
0
281.098
0
85.7808
-56.4269
205.243
0
281.098
0
89.3925
-56.4269
204.534
0
281.098
0
92.8231
-56.4269
203.861
0
281.098
0
96.5015
-56.4269
203.14
0
281.098
0
100.213
-56.4269
202.412
0
281.098
0
103.958
-56.4269
201.677
0
281.098
0
107.515
-56.4269
200.979
0
281.098
0
111.326
-56.4269
200.232
0
281.098
0
114.946
-56.4269
199.522
0
281.098
0
118.824
-56.4269
198.761
0
281.098
0
122.736
-56.4269
197.994
0
281.098
0
126.449
-56.4269
197.265
0
281.098
0
130.428
-56.4269
196.485
0
281.098
0
134.44
-56.4269
195.698
0
281.098
0
138.485
-56.4269
194.904
0
276.942
0
142.369
-56.4269
194.432
0
272.998
0
146.553
-56.4269
194.212
0
272.998
0
150.524
-56.4269
194.005
0
272.998
0
154.777
-56.4269
193.782
0
272.998
0
159.038
-56.4269
193.559
0
272.998
0
163.308
-56.4269
193.335
0
272.998
0
167.334
-56.4269
193.124
0
272.998
0
171.621
-56.4269
192.9
0
272.998
0
175.916
-56.4269
192.675
0
272.998
0
180.219
-56.4269
192.45
0
272.998
0
184.278
-56.4269
192.237
0
272.998
0
188.598
-56.4269
192.011
0
272.998
0
192.673
-56.4269
191.797
0
272.998
0
197.01
-56.4269
191.57
0
272.998
0
201.101
-56.4269
191.356
0
272.998
0
205.455
-56.4269
191.128
0
272.998
0
209.818
-56.4269
190.9
0
272.998
0
214.19
-56.4269
190.671
0
272.998
0
218.57
-56.4269
190.441
0
272.998
0
222.7
-56.4269
190.225
0
272.998
0
227.097
-56.4269
189.995
0
272.998
0
231.243
-56.4269
189.778
0
272.998
0
235.657
-56.4269
189.547
0
272.998
0
239.82
-56.4269
189.329
0
272.998
0
244.251
-56.4269
189.097
0
277.443
0
248.659
-56.4269
188.521
0
281.897
0
253.017
-56.4269
187.603
0
286.36
0
257.047
-56.4269
186.42
0
290.568
0
261.233
-56.4269
184.849
0
295.047
0
265.769
-56.4269
182.729
0
300.063
0
269.653
-56.4269
180.481
0
304.56
0
273.138
-56.4269
178.08
0
308.8
0
276.649
-56.4269
175.258
0
313.313
0
279.933
-56.4269
172.161
0
317.835
0
282.79
-56.4269
169.007
0
322.099
0
285.41
-56.4269
165.642
0
326.371
0
287.923
-56.4269
161.863
0
330.919
0
290.134
-56.4269
157.889
0
335.475
0
292.025
-56.4269
153.744
0
340.039
0
293.491
-56.4269
149.706
0
344.343
0
294.726
-56.4269
145.302
0
348.925
0
295.606
-56.4269
140.806
0
353.515
0
296.094
-56.4269
136.514
0
357.843
0
296.267
-56.4269
131.919
0
0
0
296.267
-56.4269
127.312
0
4.6155
0
295.917
-56.4269
122.982
0
8.9675
0
295.196
-56.4269
118.414
0
13.6
0
294.107
-56.4269
113.912
0
18.241
0
292.74
-56.4269
109.763
0
22.617
0
290.952
-56.4269
105.471
0
22.617
0
289.161
-56.4269
101.171
0
22.617
0
287.471
-56.4269
97.1172
0
22.617
0
285.674
-56.4269
92.8017
0
22.617
0
283.873
-56.4269
88.4784
0
22.617
0
282.174
-56.4269
84.402
0
22.617
0
280.367
-56.4269
80.063
0
22.617
0
278.556
-56.4269
75.7161
0
22.617
0
276.848
-56.4269
71.6176
0
22.617
0
275.031
-56.4269
67.255
0
22.617
0
273.21
-56.4269
62.8846
0
22.617
0
271.386
-56.4269
58.5064
0
22.617
0
269.666
-56.4269
54.3783
0
22.617
0
267.943
-56.4269
50.2428
0
22.617
0
266.109
-56.4269
45.841
0
22.617
0
264.272
-56.4269
41.4314
0
22.617
0
262.432
-56.4269
37.0139
0
22.617
0
260.697
-56.4269
32.8489
0
27.137
0
258.506
-56.4269
28.5751
0
31.948
0
255.961
-56.4269
24.4928
0
36.7675
0
253.245
-56.4269
20.8592
0
41.3115
0
250.058
-56.4269
17.2327
0
46.148
0
246.571
-56.4269
13.882
0
50.993
0
242.806
-56.4269
10.8325
0
55.8465
0
239.025
-56.4269
8.26794
0
55.8465
0
235.002
-56.4269
5.53835
0
55.8465
0
231.209
-56.4269
2.96484
0
55.8465
0
227.171
-56.4269
0.225713
0
55.8465
0
223.126
-56.4269
-2.51819
0
55.8465
0
219.313
-56.4269
-5.10517
0
55.8465
0
215.254
-56.4269
-7.85862
0
55.8465
0
211.189
-56.4269
-10.6168
0
60.768
0
206.894
-56.4269
-13.0202
0
65.698
0
202.665
-56.4269
-14.9298
0
70.346
0
198.014
-56.4269
-16.5908
0
75.293
0
193.229
-56.4269
-17.8467
0
80.2485
0
188.633
-56.4269
-18.6367
0
80.2485
0
183.741
-56.4269
-19.4775
0
80.2485
0
179.128
-56.4269
-20.2702
0
80.2485
0
174.219
-56.4269
-21.1138
0
80.2485
0
169.302
-56.4269
-21.9589
0
80.2485
0
164.666
-56.4269
-22.7557
0
80.2485
0
159.732
-56.4269
-23.6036
0
80.2485
0
154.789
-56.4269
-24.4531
0
85.272
0
149.783
-56.4269
-24.8671
0
90.304
0
145.047
-56.4269
-24.842
0
95.048
0
140.321
-56.4269
-24.4246
0
95.048
0
135.292
-56.4269
-23.9803
0
95.048
0
130.254
-56.4269
-23.5353
0
95.048
0
125.504
-56.4269
-23.1158
0
95.048
0
120.45
-56.4269
-22.6692
0
95.048
0
115.386
-56.4269
-22.222
0
95.048
0
110.613
-56.4269
-21.8003
0
95.048
0
105.533
-56.4269
-21.3516
0
95.048
0
100.444
-56.4269
-20.9021
0
95.048
0
95.3468
-56.4269
-20.4518
0
95.048
0
90.5415
-56.4269
-20.0274
0
95.048
0
85.4274
-56.4269
-19.5756
0
95.048
0
80.3048
-56.4269
-19.1231
0
95.048
0
75.1738
-56.4269
-18.6699
0
95.048
0
70.0343
-56.4269
-18.2159
0
95.048
0
65.1892
-56.4269
-17.7879
0
95.048
0
60.0328
-56.4269
-17.3325
0
95.048
0
54.8679
-56.4269
-16.8762
0
95.048
0
49.9988
-56.4269
-16.4461
0
95.048
0
