50
-56.4269
-20
0
90
0
49.974
-56.4269
-20
0
90
0
49.91
-56.4269
-20
0
90
0
49.82
-56.4269
-20
0
90.12
0
49.692
-56.4269
-19.9997
0
90.28
0
49.522
-56.4269
-19.9989
0
90.484
0
49.318
-56.4269
-19.9972
0
90.722
0
49.094
-56.4269
-19.9944
0
90.722
0
48.8221
-56.4269
-19.9909
0
90.722
0
48.5341
-56.4269
-19.9873
0
90.722
0
48.1941
-56.4269
-19.983
0
90.722
0
47.8421
-56.4269
-19.9786
0
90.722
0
47.4342
-56.4269
-19.9734
0
90.722
0
46.9922
-56.4269
-19.9679
0
90.722
0
46.5442
-56.4269
-19.9622
0
91.202
0
46.0344
-56.4269
-19.9515
0
91.746
0
45.4906
-56.4269
-19.935
0
92.324
0
44.9131
-56.4269
-19.9115
0
92.936
0
44.3378
-56.4269
-19.882
0
93.544
0
43.6931
-56.4269
-19.8421
0
94.224
0
43.0548
-56.4269
-19.7949
0
94.896
0
42.3016
-56.4269
-19.7304
0
95.688
0
41.601
-56.4269
-19.6606
0
96.424
0
40.8697
-56.4269
-19.5783
0
97.192
0
40.0601
-56.4269
-19.4761
0
97.192
0
39.2168
-56.4269
-19.3697
0
97.192
0
38.3913
-56.4269
-19.2656
0
97.192
0
37.4805
-56.4269
-19.1506
0
97.192
0
36.536
-56.4269
-19.0314
0
97.192
0
35.617
-56.4269
-18.9153
0
97.192
0
34.605
-56.4269
-18.7876
0
97.192
0
33.5593
-56.4269
-18.6557
0
97.192
0
32.5434
-56.4269
-18.5275
0
97.192
0
31.4302
-56.4269
-18.387
0
97.192
0
30.2833
-56.4269
-18.2423
0
97.192
0
29.1721
-56.4269
-18.1021
0
97.192
0
27.9578
-56.4269
-17.9488
0
97.192
0
26.7097
-56.4269
-17.7913
0
97.192
0
25.5032
-56.4269
-17.6391
0
97.192
0
24.1877
-56.4269
-17.4731
0
97.192
0
22.8384
-56.4269
-17.3028
0
97.192
0
21.5367
-56.4269
-17.1386
0
97.192
0
20.1199
-56.4269
-16.9598
0
97.192
0
18.6694
-56.4269
-16.7768
0
97.192
0
17.3598
-56.4269
-16.6115
0
97.192
0
15.8418
-56.4269
-16.42
0
97.192
0
14.2902
-56.4269
-16.2242
0
97.192
0
12.798
-56.4269
-16.0359
0
97.192
0
11.1788
-56.4269
-15.8316
0
97.192
0
9.62316
-56.4269
-15.6353
0
97.192
0
7.93654
-56.4269
-15.4224
0
97.192
0
6.31738
-56.4269
-15.2181
0
97.192
0
4.56329
-56.4269
-14.9968
0
97.192
0
2.77547
-56.4269
-14.7712
0
97.192
0
0.953911
-56.4269
-14.5413
0
97.192
0
-0.792242
-56.4269
-14.321
0
98.984
0
-2.67288
-56.4269
-14.0236
0
100.922
0
-4.57578
-56.4269
-13.6564
0
102.894
0
-6.38498
-56.4269
-13.2423
0
104.782
0
-8.32459
-56.4269
-12.7305
0
104.782
0
-10.2971
-56.4269
-12.21
0
104.782
0
-12.1845
-56.4269
-11.7119
0
104.782
0
-14.2227
-56.4269
-11.1741
0
104.782
0
-16.172
-56.4269
-10.6597
0
104.782
0
-18.276
-56.4269
-10.1045
0
104.782
0
-20.4128
-56.4269
-9.54066
0
104.782
0
-22.5825
-56.4269
-8.96812
0
104.782
0
-24.526
-56.4269
-8.45529
0
104.782
0
-26.7615
-56.4269
-7.8654
0
104.782
0
-29.0299
-56.4269
-7.26684
0
104.782
0
-31.3311
-56.4269
-6.6596
0
104.782
0
-33.5279
-56.4269
-6.07991
0
104.782
0
-35.8949
-56.4269
-5.45533
0
104.782
0
-38.2947
-56.4269
-4.82206
0
104.782
0
-40.5844
-56.4269
-4.21789
0
104.782
0
-43.05
-56.4269
-3.56727
0
104.782
0
-45.5484
-56.4269
-2.90799
0
104.782
0
-47.9309
-56.4269
-2.27931
0
104.782
0
-50.4951
-56.4269
-1.60268
0
104.782
0
-53.0922
-56.4269
-0.917366
0
104.782
0
-55.5675
-56.4269
-0.264201
0
104.782
0
-58.2304
-56.4269
0.43846
0
104.782
0
-60.9261
-56.4269
1.1498
0
104.782
0
-63.4942
-56.4269
1.82745
0
104.782
0
-66.4181
-56.4269
2.599
0
104.782
0
-69.0481
-56.4269
3.29299
0
104.782
0
-71.709
-56.4269
3.99514
0
104.782
0
-74.5691
-56.4269
4.74985
0
104.782
0
-77.4621
-56.4269
5.51324
0
104.782
0
-80.2158
-56.4269
6.23988
0
104.782
0
-83.1745
-56.4269
7.02062
0
104.782
0
-86.1661
-56.4269
7.81003
0
104.782
0
-89.0127
-56.4269
8.56117
0
104.782
0
-92.0701
-56.4269
9.36793
0
104.782
0
-95.1603
-56.4269
10.1834
0
104.782
0
-98.2834
-56.4269
11.0075
0
104.782
0
-101.439
-56.4269
11.8403
0
104.782
0
-104.441
-56.4269
12.6322
0
104.782
0
-107.662
-56.4269
13.4824
0
104.782
0
-110.726
-56.4269
14.2906
0
104.782
0
-113.82
-56.4269
15.1071
0
104.782
0
-117.14
-56.4269
15.9833
0
108.25
0
-120.434
-56.4269
17.0693
0
111.752
0
-123.686
-56.4269
18.3671
0
115.288
0
-127.071
-56.4269
19.9664
0
119.068
0
-130.192
-56.4269
21.7009
0
122.672
0
-133.225
-56.4269
23.6465
0
126.31
0
-136.157
-56.4269
25.8007
0
129.982
0
-138.805
-56.4269
28.0214
0
133.47
0
-141.495
-56.4269
30.571
0
137.21
0
-144.035
-56.4269
33.3156
0
137.21
0
-146.448
-56.4269
35.9222
0
137.21
0
-149.035
-56.4269
38.7167
0
137.21
0
-151.492
-56.4269
41.3703
0
137.21
0
-154.279
-56.4269
44.382
0
137.21
0
-156.779
-56.4269
47.0826
0
137.21
0
-159.301
-56.4269
49.8066
0
137.21
0
-162.162
-56.4269
52.8976
0
137.21
0
-164.727
-56.4269
55.6686
0
137.21
0
-167.314
-56.4269
58.4631
0
137.21
0
-170.086
-56.4269
61.4572
0
141.324
0
-172.657
-56.4269
64.669
0
145.472
0
-174.869
-56.4269
67.8853
0
149.408
0
-176.998
-56.4269
71.4852
0
153.624
0
-178.871
-56.4269
75.2623
0
157.874
0
-180.283
-56.4269
78.7362
0
161.654
0
-181.552
-56.4269
82.5632
0
165.694
0
-182.613
-56.4269
86.7226
0
169.995
0
-183.316
-56.4269
90.709
0
174.051
0
-183.763
-56.4269
94.9953
0
178.369
0
-183.886
-56.4269
99.3116
0
182.696
0
-183.694
-56.4269
103.379
0
186.776
0
-183.183
-56.4269
107.684
0
191.119
0
-182.345
-56.4269
111.946
0
195.471
0
-181.184
-56.4269
116.14
0
195.471
0
-180.09
-56.4269
120.095
0
195.471
0
-178.993
-56.4269
124.058
0
195.471
0
-177.825
-56.4269
128.277
0
195.471
0
-176.655
-56.4269
132.504
0
195.471
0
-175.552
-56.4269
136.49
0
195.471
0
-174.308
-56.4269
140.984
0
195.471
0
-173.201
-56.4269
144.985
0
195.471
0
-172.022
-56.4269
149.245
0
195.471
0
-170.91
-56.4269
153.262
0
195.471
0
-169.726
-56.4269
157.538
0
199.917
0
-168.301
-56.4269
161.472
0
204.109
0
-166.268
-56.4269
166.016
0
209.096
0
-164.098
-56.4269
169.915
0
213.567
0
-161.771
-56.4269
173.421
0
217.783
0
-159.026
-56.4269
176.962
0
222.271
0
-156.008
-56.4269
180.283
0
226.768
0
-152.924
-56.4269
183.181
0
231.008
0
-149.217
-56.4269
186.183
0
231.008
0
-145.915
-56.4269
188.856
0
231.008
0
-142.607
-56.4269
191.534
0
231.008
0
-139.086
-56.4269
194.384
0
231.008
0
-135.766
-56.4269
197.072
0
231.008
0
-132.231
-56.4269
199.934
0
231.008
0
-128.69
-56.4269
202.8
0
231.008
0
-125.143
-56.4269
205.673
0
231.008
0
-121.797
-56.4269
208.381
0
231.008
0
-118.237
-56.4269
211.263
0
231.008
0
-114.669
-56.4269
214.152
0
235.606
0
-110.874
-56.4269
216.749
0
240.213
0
-106.876
-56.4269
219.038
0
244.829
0
-102.945
-56.4269
220.885
0
249.181
0
-98.6226
-56.4269
222.529
0
253.813
0
-94.4354
-56.4269
223.744
0
258.181
0
-89.8928
-56.4269
224.695
0
262.831
0
-85.2797
-56.4269
225.275
0
267.489
0
-80.8999
-56.4269
225.467
0
271.881
0
-76.2359
-56.4269
225.314
0
276.556
0
-71.8647
-56.4269
224.812
0
280.964
0
-67.2667
-56.4269
223.921
0
285.655
0
-62.7487
-56.4269
222.655
0
290.356
0
-58.601
-56.4269
221.116
0
290.356
0
-54.1861
-56.4269
219.478
0
290.356
0
-49.7632
-56.4269
217.837
0
290.356
0
-45.593
-56.4269
216.29
0
290.356
0
-41.1541
-56.4269
214.643
0
290.356
0
-36.7073
-56.4269
212.993
0
290.356
0
-32.5146
-56.4269
211.437
0
290.356
0
-28.0519
-56.4269
209.782
0
290.356
0
-23.5812
-56.4269
208.123
0
290.356
0
-19.366
-56.4269
206.559
0
285.852
0
-14.7625
-56.4269
205.252
0
281.058
0
-10.0575
-56.4269
204.332
0
276.255
0
-5.56438
-56.4269
203.84
0
271.727
0
-0.755563
-56.4269
203.695
0
266.908
0
4.05692
-56.4269
203.955
0
262.08
0
8.55758
-56.4269
204.581
0
257.528
0
13.5577
-56.4269
205.687
0
257.528
0
18.0101
-56.4269
206.672
0
257.528
0
22.7491
-56.4269
207.72
0
257.528
0
26.9379
-56.4269
208.646
0
257.528
0
31.6934
-56.4269
209.698
0
257.528
0
36.4573
-56.4269
210.752
0
257.528
0
40.9487
-56.4269
211.745
0
257.528
0
45.7292
-56.4269
212.803
0
257.528
0
50.518
-56.4269
213.862
0
257.528
0
55.0328
-56.4269
214.86
0
257.528
0
59.8382
-56.4269
215.923
0
257.528
0
64.6519
-56.4269
216.988
0
257.528
0
69.4738
-56.4269
218.054
0
257.528
0
74.3041
-56.4269
219.123
0
262.483
0
78.639
-56.4269
219.695
0
266.863
0
83.304
-56.4269
219.95
0
271.543
0
87.6899
-56.4269
219.832
0
275.938
0
92.6442
-56.4269
219.317
0
280.928
0
97.5432
-56.4269
218.371
0
285.926
0
102.349
-56.4269
217
0
290.932
0
106.75
-56.4269
215.316
0
290.932
0
111.434
-56.4269
213.524
0
290.932
0
115.85
-56.4269
211.835
0
290.932
0
120.55
-56.4269
210.038
0
290.932
0
125.258
-56.4269
208.237
0
290.932
0
129.974
-56.4269
206.433
0
290.932
0
134.698
-56.4269
204.626
0
290.932
0
139.429
-56.4269
202.816
0
290.932
0
143.89
-56.4269
201.11
0
290.932
0
148.358
-56.4269
199.401
0
290.932
0
153.114
-56.4269
197.582
0
290.932
0
157.877
-56.4269
195.759
0
290.932
0
162.368
-56.4269
194.042
0
290.932
0
167.147
-56.4269
192.214
0
285.807
0
170.148
-56.4269
191.74
0
280.975
0
170.841
-56.4269
192.064
0
275.832
0
170.917
-56.4269
192.518
0
270.681
0
170.649
-56.4269
192.983
0
270.681
0
175.808
-56.4269
192.922
0
270.681
0
180.672
-56.4269
192.864
0
270.681
0
185.848
-56.4269
192.802
0
270.681
0
191.032
-56.4269
192.741
0
270.681
0
196.226
-56.4269
192.679
0
270.681
0
201.121
-56.4269
192.621
0
270.681
0
206.331
-56.4269
192.559
0
270.681
0
211.55
-56.4269
192.497
0
270.681
0
216.777
-56.4269
192.435
0
270.681
0
221.705
-56.4269
192.376
0
275.617
0
226.924
-56.4269
191.863
0
280.87
0
231.779
-56.4269
190.93
0
285.822
0
236.841
-56.4269
189.496
0
291.092
0
241.758
-56.4269
187.599
0
296.371
0
247.044
-56.4269
184.979
0
302.28
0
251.251
-56.4269
182.321
0
302.28
0
255.991
-56.4269
179.327
0
302.28
0
260.212
-56.4269
176.661
0
302.28
0
264.439
-56.4269
173.991
0
302.28
0
268.938
-56.4269
171.149
0
302.28
0
273.444
-56.4269
168.303
0
302.28
0
277.691
-56.4269
165.619
0
302.28
0
282.211
-56.4269
162.764
0
307.635
0
286.203
-56.4269
159.687
0
312.683
0
290.145
-56.4269
156.05
0
318.055
0
293.736
-56.4269
152.055
0
323.435
0
296.941
-56.4269
147.733
0
328.824
0
299.567
-56.4269
143.394
0
333.904
0
301.941
-56.4269
138.546
0
339.31
0
303.851
-56.4269
133.489
0
344.725
0
305.194
-56.4269
128.573
0
349.829
0
306.151
-56.4269
123.235
0
355.26
0
306.574
-56.4269
118.141
0
0
0
306.574
-56.4269
112.381
0
5.769
0
306.058
-56.4269
107.279
0
10.905
0
305.026
-56.4269
101.92
0
16.3705
0
303.486
-56.4269
96.6764
0
21.8445
0
301.569
-56.4269
91.8943
0
27.0045
0
299.226
-56.4269
87.2969
0
27.0045
0
296.732
-56.4269
82.4046
0
27.0045
0
294.235
-56.4269
77.5047
0
27.0045
0
291.881
-56.4269
72.8859
0
27.0045
0
289.377
-56.4269
67.9709
0
27.0045
0
287.016
-56.4269
63.3379
0
27.0045
0
284.503
-56.4269
58.4077
0
27.0045
0
281.987
-56.4269
53.4699
0
27.0045
0
279.466
-56.4269
48.5246
0
27.0045
0
276.942
-56.4269
43.5717
0
27.0045
0
274.563
-56.4269
38.903
0
27.0045
0
272.18
-56.4269
34.2272
0
27.0045
0
269.644
-56.4269
29.2515
0
27.0045
0
266.955
-56.4269
23.9752
0
27.0045
0
264.562
-56.4269
19.278
0
27.0045
0
262.164
-56.4269
14.5737
0
27.0045
0
259.613
-56.4269
9.56775
0
27.0045
0
257.058
-56.4269
4.55426
0
32.64
0
254.019
-56.4269
-0.191259
0
38.284
0
250.727
-56.4269
-4.36091
0
43.604
0
246.829
-56.4269
-8.45402
0
49.265
0
242.792
-56.4269
-11.9309
0
54.601
0
238.17
-56.4269
-15.215
0
60.279
0
233.239
-56.4269
-18.03
0
65.9655
0
228.046
-56.4269
-20.3461
0
71.6605
0
222.958
-56.4269
-22.0326
0
77.0285
0
217.4
-56.4269
-23.3128
0
82.7405
0
211.734
-56.4269
-24.0346
0
88.461
0
206.352
-56.4269
-24.1792
0
88.461
0
200.625
-56.4269
-24.3331
0
88.461
0
194.89
-56.4269
-24.4872
0
88.461
0
189.484
-56.4269
-24.6324
0
88.461
0
183.731
-56.4269
-24.787
0
88.461
0
178.309
-56.4269
-24.9326
0
88.461
0
172.54
-56.4269
-25.0877
0
88.461
0
167.102
-56.4269
-25.2338
0
88.461
0
161.315
-56.4269
-25.3892
0
88.461
0
155.52
-56.4269
-25.5449
0
88.461
0
149.717
-56.4269
-25.7008
0
88.461
0
144.247
-56.4269
-25.8478
0
88.461
0
138.426
-56.4269
-26.0042
0
88.461
0
132.598
-56.4269
-26.1608
0
88.461
0
127.104
-56.4269
-26.3084
0
88.461
0
121.258
-56.4269
-26.4655
0
88.461
0
115.748
-56.4269
-26.6135
0
88.461
0
109.885
-56.4269
-26.771
0
94.3345
0
104.028
-56.4269
-26.3271
0
100.216
0
98.5798
-56.4269
-25.3452
0
105.76
0
92.9107
-56.4269
-23.7452
0
111.66
0
87.4282
-56.4269
-21.568
0
111.66
0
81.9379
-56.4269
-19.3876
0
111.66
0
76.4396
-56.4269
-17.204
0
111.66
0
70.9334
-56.4269
-15.0174
0
111.66
0
65.4193
-56.4269
-12.8275
0
111.66
0
60.2221
-56.4269
-10.7636
0
111.66
0
54.6922
-56.4269
-8.56751
0
111.66
0
49.1544
-56.4269
-6.36829
0
111.66
0
43.6087
-56.4269
-4.16593
0
111.66
0
38.3818
-56.4269
-2.09017
0
111.66
0
32.8203
-56.4269
0.118464
0
105.667
0
27.3899
-56.4269
1.64152
0
100.019
0
21.4804
-56.4269
2.68555
0
94.0095
0
15.4856
-56.4269
3.10574
0
87.9915
0
10.1789
-56.4269
2.91964
0
87.9915
0
4.15607
-56.4269
2.70842
0
87.9915
0
-1.87523
-56.4269
2.49691
0
87.9915
0
-7.55973
-56.4269
2.29756
0
87.9915
0
-13.608
-56.4269
2.08545
0
87.9915
0
-19.3085
-56.4269
1.88554
0
87.9915
0
-25.3738
-56.4269
1.67283
0
87.9915
0
-31.0903
-56.4269
1.47236
0
87.9915
0
-37.1725
-56.4269
1.25906
0
87.9915
0
-42.905
-56.4269
1.05803
0
87.9915
0
-49.0043
-56.4269
0.844131
0
87.9915
0
-54.7527
-56.4269
0.642537
0
87.9915
0
-60.869
-56.4269
0.428045
0
87.9915
0
-66.9937
-56.4269
0.213255
0
87.9915
0
-72.7662
-56.4269
0.0108194
0
87.9915
0
-78.9079
-56.4269
-0.204566
0
87.9915
0
-85.0581
-56.4269
-0.42025
0
87.9915
0
-91.2168
-56.4269
-0.636231
0
87.9915
0
-97.384
-56.4269
-0.852511
0
87.9915
0
-103.196
-56.4269
-1.05635
0
87.9915
0
-109.381
-56.4269
-1.27322
0
87.9915
0
-115.209
-56.4269
-1.47762
0
93.8315
0
-121.4
-56.4269
-1.06299
0
100.045
0
-127.518
-56.4269
0.0207804
0
106.267
0
-133.14
-56.4269
1.66113
0
112.131
0
-138.912
-56.4269
4.00832
0
118.37
0
-145.047
-56.4269
7.32163
0
125.352
0
-149.843
-56.4269
10.7238
0
131.24
0
-154.547
-56.4269
14.8479
0
137.505
0
-158.53
-56.4269
19.1952
0
143.409
0
-162.269
-56.4269
24.2319
0
143.409
0
-166.014
-56.4269
29.2754
0
143.409
0
-169.763
-56.4269
34.3257
0
143.409
0
-173.297
-56.4269
39.0854
0
143.409
0
-177.056
-56.4269
44.1493
0
143.409
0
-180.821
-56.4269
49.2201
0
143.409
0
-184.369
-56.4269
53.999
0
143.409
0
-188.144
-56.4269
59.0835
0
143.409
0
-191.924
-56.4269
64.1747
0
149.758
0
-195.122
-56.4269
69.6601
0
156.117
0
-197.544
-56.4269
75.1317
0
162.109
0
-199.27
-56.4269
80.4776
0
167.734
0
-200.625
-56.4269
86.7071
0
174.117
0
-201.24
-56.4269
92.6834
0
180.133
0
-201.226
-56.4269
99.0754
0
186.534
0
-200.54
-56.4269
105.06
0
192.566
0
-199.146
-56.4269
111.316
0
192.566
0
-197.75
-56.4269
117.58
0
192.566
0
-196.434
-56.4269
123.483
0
192.566
0
-195.034
-56.4269
129.763
0
192.566
0
-193.632
-56.4269
136.052
0
192.566
0
-192.311
-56.4269
141.978
0
192.566
0
-190.906
-56.4269
148.284
0
192.566
0
-189.581
-56.4269
154.226
0
192.566
0
-188.172
-56.4269
160.548
0
192.566
0
-186.761
-56.4269
166.878
0
199.06
0
-184.766
-56.4269
172.655
0
205.18
0
-181.674
-56.4269
179.232
0
212.456
0
-178.179
-56.4269
184.726
0
218.976
0
-174.079
-56.4269
189.794
0
225.504
0
-169.696
-56.4269
194.1
0
231.656
0
-164.57
-56.4269
198.155
0
238.201
0
-159.079
-56.4269
201.559
0
244.661
0
-153.656
-56.4269
204.127
0
250.661
0
-147.721
-56.4269
206.21
0
250.661
0
-141.866
-56.4269
208.265
0
250.661
0
-136.431
-56.4269
210.172
0
250.661
0
-130.737
-56.4269
212.171
0
250.661
0
-125.123
-56.4269
214.141
0
250.661
0
-119.914
-56.4269
215.969
0
250.661
0
-114.46
-56.4269
217.883
0
250.661
0
-109.087
-56.4269
219.769
0
256.356
0
-103.956
-56.4269
221.015
0
261.636
0
-98.1679
-56.4269
221.866
0
267.486
0
-93.0528
-56.4269
222.09
0
272.606
0
-87.7033
-56.4269
221.847
0
277.961
0
-82.7911
-56.4269
221.16
0
282.921
0
-77.7374
-56.4269
220
0
282.921
0
-73.059
-56.4269
218.927
0
282.921
0
-68.1709
-56.4269
217.806
0
282.921
0
-63.3658
-56.4269
216.703
0
282.921
0
-58.9212
-56.4269
215.684
0
282.921
0
-54.2818
-56.4269
214.619
0
282.921
0
-49.7252
-56.4269
213.574
0
282.921
0
-45.5145
-56.4269
212.608
0
282.921
0
-41.1236
-56.4269
211.601
0
278.416
0
-36.7512
-56.4269
210.954
0
273.996
0
-32.6811
-56.4269
210.669
0
269.916
0
-28.4311
-56.4269
210.676
0
265.666
0
-24.278
-56.4269
210.99
0
261.501
0
-20.2428
-56.4269
211.593
0
261.501
0
-16.5241
-56.4269
212.149
0
261.501
0
-12.6571
-56.4269
212.727
0
261.501
0
-9.0966
-56.4269
213.259
0
261.501
0
-5.3136
-56.4269
213.824
0
261.501
0
-1.49698
-56.4269
214.395
0
261.501
0
2.12678
-56.4269
214.936
0
261.501
0
6.01066
-56.4269
215.516
0
261.501
0
9.92816
-56.4269
216.102
0
261.501
0
13.6469
-56.4269
216.658
0
261.501
0
17.6316
-56.4269
217.253
0
265.564
0
21.6825
-56.4269
217.567
0
269.661
0
25.5384
-56.4269
217.59
0
273.549
0
29.6615
-56.4269
217.334
0
277.714
0
33.546
-56.4269
216.808
0
277.714
0
37.707
-56.4269
216.245
0
277.714
0
41.6549
-56.4269
215.71
0
277.714
0
45.8833
-56.4269
215.137
0
277.714
0
50.1201
-56.4269
214.563
0
277.714
0
54.1156
-56.4269
214.022
0
277.714
0
58.3693
-56.4269
213.446
0
277.714
0
62.6314
-56.4269
212.868
0
277.714
0
66.6507
-56.4269
212.324
0
277.714
0
70.9296
-56.4269
211.744
0
273.388
0
75.2485
-56.4269
211.489
0
269.053
0
79.328
-56.4269
211.556
0
264.965
0
83.4002
-56.4269
211.915
0
260.868
0
87.1915
-56.4269
212.524
0
260.868
0
91.2435
-56.4269
213.176
0
260.868
0
95.5572
-56.4269
213.869
0
260.868
0
99.8792
-56.4269
214.564
0
260.868
0
104.464
-56.4269
215.301
0
260.868
0
108.548
-56.4269
215.957
0
260.868
0
112.895
-56.4269
216.656
0
260.868
0
116.994
-56.4269
217.315
0
260.868
0
121.358
-56.4269
218.016
0
260.868
0
125.731
-56.4269
218.719
0
260.868
0
129.854
-56.4269
219.382
0
260.868
0
133.985
-56.4269
220.046
0
260.868
0
138.382
-56.4269
220.753
0
265.331
0
142.569
-56.4269
221.095
0
269.539
0
147.039
-56.4269
221.131
0
274.018
0
151.508
-56.4269
220.817
0
278.507
0
155.947
-56.4269
220.153
0
283.003
0
160.07
-56.4269
219.201
0
287.243
0
164.373
-56.4269
217.865
0
291.756
0
168.565
-56.4269
216.192
0
296.278
0
172.858
-56.4269
214.072
0
296.278
0
176.92
-56.4269
212.067
0
296.278
0
180.99
-56.4269
210.057
0
296.278
0
185.067
-56.4269
208.044
0
296.278
0
188.912
-56.4269
206.145
0
296.278
0
193.005
-56.4269
204.124
0
296.278
0
197.105
-56.4269
202.1
0
296.278
0
200.972
-56.4269
200.191
0
296.278
0
205.087
-56.4269
198.159
0
296.278
0
209.211
-56.4269
196.123
0
296.278
0
213.099
-56.4269
194.203
0
296.278
0
217.237
-56.4269
192.16
0
296.278
0
221.139
-56.4269
190.233
0
296.278
0
225.293
-56.4269
188.182
0
296.278
0
229.454
-56.4269
186.127
0
296.278
0
233.623
-56.4269
184.069
0
296.278
0
237.554
-56.4269
182.128
0
300.67
0
241.568
-56.4269
179.747
0
305.345
0
245.157
-56.4269
177.202
0
309.753
0
248.758
-56.4269
174.207
0
314.445
0
252.107
-56.4269
170.921
0
319.146
0
255.001
-56.4269
167.575
0
323.578
0
257.797
-56.4269
163.786
0
328.295
0
260.276
-56.4269
159.772
0
333.021
0
262.294
-56.4269
155.808
0
337.477
0
264.108
-56.4269
151.435
0
337.477
0
265.925
-56.4269
147.054
0
337.477
0
267.745
-56.4269
142.665
0
337.477
0
269.461
-56.4269
138.526
0
337.477
0
271.287
-56.4269
134.122
0
337.477
0
273.01
-56.4269
129.969
0
337.477
0
274.843
-56.4269
125.548
0
337.477
0
276.679
-56.4269
121.12
0
337.477
0
278.519
-56.4269
116.684
0
337.477
0
280.361
-56.4269
112.239
0
337.477
0
282.099
-56.4269
108.049
0
337.477
0
283.948
-56.4269
103.59
0
337.477
0
285.692
-56.4269
99.3849
0
337.477
0
287.548
-56.4269
94.9094
0
337.477
0
289.407
-56.4269
90.4261
0
337.477
0
291.16
-56.4269
86.1991
0
342.061
0
292.66
-56.4269
81.5654
0
346.94
0
293.762
-56.4269
76.8126
0
351.828
0
294.416
-56.4269
72.2593
0
356.436
0
294.72
-56.4269
67.3728
0
0
0
294.72
-56.4269
62.7568
0
4.624
0
294.324
-56.4269
57.8598
0
9.5455
0
293.508
-56.4269
53.0064
0
14.4755
0
292.348
-56.4269
48.5137
0
19.1235
0
290.731
-56.4269
43.8477
0
24.0705
0
288.713
-56.4269
39.3309
0
29.026
0
286.45
-56.4269
35.2527
0
33.698
0
283.696
-56.4269
31.1228
0
33.698
0
281.099
-56.4269
27.2291
0
33.698
0
278.336
-56.4269
23.0851
0
33.698
0
275.567
-56.4269
18.934
0
33.698
0
272.794
-56.4269
14.7758
0
33.698
0
270.18
-56.4269
10.8555
0
33.698
0
267.398
-56.4269
6.68315
0
33.698
0
264.611
-56.4269
2.50373
0
38.73
0
261.648
-56.4269
-1.19084
0
43.474
0
258.18
-56.4269
-4.84866
0
48.523
0
254.619
-56.4269
-7.996
0
53.283
0
250.565
-56.4269
-11.0197
0
58.349
0
246.253
-56.4269
-13.678
0
63.4235
0
241.714
-56.4269
-15.9483
0
68.5065
0
237.263
-56.4269
-17.7012
0
73.2985
0
232.386
-56.4269
-19.1644
0
78.3985
0
227.684
-56.4269
-20.1297
0
83.2065
0
222.612
-56.4269
-20.734
0
83.2065
0
217.531
-56.4269
-21.3393
0
83.2065
0
212.741
-56.4269
-21.9099
0
83.2065
0
207.343
-56.4269
-22.553
0
83.2065
0
202.537
-56.4269
-23.1255
0
83.2065
0
197.422
-56.4269
-23.7348
0
83.2065
0
192.299
-56.4269
-24.3451
0
83.2065
0
187.469
-56.4269
-24.9205
0
83.2065
0
182.329
-56.4269
-25.5328
0
83.2065
0
177.483
-56.4269
-26.1101
0
83.2065
0
172.326
-56.4269
-26.7244
0
83.2065
0
167.16
-56.4269
-27.3398
0
83.2065
0
162.291
-56.4269
-27.9199
0
83.2065
0
157.108
-56.4269
-28.5372
0
83.2065
0
152.223
-56.4269
-29.1192
0
83.2065
0
147.024
-56.4269
-29.7386
0
83.2065
0
142.122
-56.4269
-30.3225
0
88.1505
0
136.872
-56.4269
-30.492
0
93.412
0
131.62
-56.4269
-30.1789
0
98.682
0
126.717
-56.4269
-29.4302
0
103.65
0
121.587
-56.4269
-28.1845
0
103.65
0
116.45
-56.4269
-26.9368
0
103.65
0
111.607
-56.4269
-25.7606
0
103.65
0
106.149
-56.4269
-24.4353
0
103.65
0
101.29
-56.4269
-23.2554
0
103.65
0
96.1197
-56.4269
-21.9997
0
103.65
0
90.9407
-56.4269
-20.742
0
103.65
0
86.0587
-56.4269
-19.5563
0
103.65
0
81.1688
-56.4269
-18.3688
0
103.65
0
75.6589
-56.4269
-17.0308
0
103.65
0
70.4469
-56.4269
-15.765
0
103.65
0
65.2267
-56.4269
-14.4973
0
103.65
0
60.3057
-56.4269
-13.3022
0
103.65
0
55.0689
-56.4269
-12.0305
0
103.65
0
49.8238
-56.4269
-10.7567
0
103.65
0
44.8795
-56.4269
-9.55601
0
103.65
0
39.618
-56.4269
-8.27824
0
98.227
0
34.2508
-56.4269
-7.50224
0
92.7955
0
28.8258
-56.4269
-7.23734
0
87.3555
0
23.7112
-56.4269
-7.47357
0
82.2275
0
18.3128
-56.4269
-8.21042
0
82.2275
0
13.542
-56.4269
-8.8616
0
82.2275
0
8.12671
-56.4269
-9.60076
0
82.2275
0
3.02204
-56.4269
-10.2975
0
82.2275
0
-2.41009
-56.4269
-11.039
0
82.2275
0
-7.53061
-56.4269
-11.7379
0
82.2275
0
-12.9796
-56.4269
-12.4816
0
82.2275
0
-18.437
-56.4269
-13.2265
0
82.2275
0
-23.5813
-56.4269
-13.9287
0
82.2275
0
-29.0555
-56.4269
-14.6759
0
82.2275
0
-34.2157
-56.4269
-15.3802
0
82.2275
0
-39.7068
-56.4269
-16.1297
0
82.2275
0
-45.2063
-56.4269
-16.8804
0
87.7865
0
-50.4344
-56.4269
-17.0825
0
93.0265
0
-55.9941
-56.4269
-16.7885
0
98.6025
0
-61.5074
-56.4269
-15.9545
0
104.187
0
-66.9216
-56.4269
-14.5858
0
109.78
0
-71.875
-56.4269
-12.8044
0
109.78
0
-77.146
-56.4269
-10.9088
0
109.78
0
-82.1145
-56.4269
-9.12199
0
109.78
0
-87.4015
-56.4269
-7.22064
0
109.78
0
-92.385
-56.4269
-5.42842
0
109.78
0
-97.688
-56.4269
-3.52132
0
109.78
0
-102.999
-56.4269
-1.61133
0
109.78
0
-108.005
-56.4269
0.189006
0
109.78
0
-113.332
-56.4269
2.10474
0
109.78
0
-118.667
-56.4269
4.02335
0
109.78
0
-123.696
-56.4269
5.83181
0
109.78
0
-129.047
-56.4269
7.75618
0
109.78
0
-134.406
-56.4269
9.68342
0
109.78
0
-139.457
-56.4269
11.5
0
109.78
0
-144.832
-56.4269
13.433
0
109.78
0
-150.215
-56.4269
15.3689
0
115.509
0
-155.994
-56.4269
18.1263
0
121.922
0
-160.864
-56.4269
21.1601
0
127.668
0
-165.145
-56.4269
24.4648
0
133.083
0
-169.347
-56.4269
28.3955
0
138.846
0
-173.14
-56.4269
32.7347
0
144.618
0
-176.285
-56.4269
37.1635
0
150.058
0
-179.17
-56.4269
42.172
0
155.846
0
-181.399
-56.4269
47.1431
0
161.302
0
-183.039
-56.4269
51.9881
0
166.425
0
-184.402
-56.4269
57.6315
0
172.239
0
-185.141
-56.4269
63.0533
0
172.239
0
-185.927
-56.4269
68.8225
0
172.239
0
-186.714
-56.4269
74.6001
0
172.239
0
-187.503
-56.4269
80.3861
0
172.239
0
-188.246
-56.4269
85.8397
0
172.239
0
-189.037
-56.4269
91.6425
0
172.239
0
-189.783
-56.4269
97.112
0
172.239
0
-190.576
-56.4269
102.932
0
172.239
0
-191.37
-56.4269
108.76
0
172.239
0
-192.119
-56.4269
114.253
0
177.791
0
-192.346
-56.4269
120.148
0
183.698
0
-191.971
-56.4269
125.958
0
189.521
0
-191.022
-56.4269
131.616
0
195.258
0
-189.534
-56.4269
137.07
0
200.911
0
-187.664
-56.4269
141.965
0
206.151
0
-185.105
-56.4269
147.175
0
206.151
0
-182.726
-56.4269
152.02
0
206.151
0
-180.385
-56.4269
156.789
0
206.151
0
-178.216
-56.4269
161.205
0
206.151
0
-175.95
-56.4269
165.821
0
206.151
0
-173.721
-56.4269
170.361
0
206.151
0
-171.529
-56.4269
174.825
0
206.151
0
-169.502
-56.4269
178.954
0
206.151
0
-167.385
-56.4269
183.265
0
210.953
0
-165.102
-56.4269
187.072
0
215.393
0
-162.419
-56.4269
190.849
0
220.026
0
-159.494
-56.4269
194.331
0
224.574
0
-156.362
-56.4269
197.51
0
229.036
0
-153.251
-56.4269
200.211
0
233.156
0
-149.816
-56.4269
202.785
0
237.448
0
-146.269
-56.4269
205.049
0
241.656
0
-142.641
-56.4269
207.006
0
245.778
0
-139.176
-56.4269
208.565
0
249.578
0
-135.471
-56.4269
209.944
0
249.578
0
-132.06
-56.4269
211.214
0
249.578
0
-128.515
-56.4269
212.534
0
249.578
0
-125.05
-56.4269
213.824
0
249.578
0
-121.665
-56.4269
215.085
0
249.578
0
-118.554
-56.4269
216.243
0
249.578
0
-115.517
-56.4269
217.374
0
249.578
0
-112.371
-56.4269
218.545
0
249.578
0
-109.304
-56.4269
219.687
0
249.578
0
-106.317
-56.4269
220.799
0
252.766
0
-103.528
-56.4269
221.664
0
255.686
0
-100.604
-56.4269
222.41
0
258.703
0
-97.7283
-56.4269
222.985
0
261.636
0
-95.0768
-56.4269
223.375
0
264.316
0
-92.3279
-56.4269
223.648
0
267.078
0
-89.8111
-56.4269
223.777
0
267.078
0
-87.222
-56.4269
223.909
0
267.078
0
-84.8651
-56.4269
224.029
0
267.078
0
-82.3523
-56.4269
224.157
0
267.078
0
-79.8311
-56.4269
224.286
0
267.078
0
-77.3014
-56.4269
224.415
0
267.078
0
-74.9125
-56.4269
224.537
0
267.078
0
-72.3659
-56.4269
224.667
0
267.078
0
-69.961
-56.4269
224.79
0
269.486
0
-67.4026
-56.4269
224.813
0
272.045
0
-64.8457
-56.4269
224.721
0
274.603
0
-62.2955
-56.4269
224.516
0
277.162
0
-59.9063
-56.4269
224.216
0
279.57
0
-57.3834
-56.4269
223.79
0
282.128
0
-54.882
-56.4269
223.253
0
284.687
0
-52.5527
-56.4269
222.642
0
284.687
0
-50.0777
-56.4269
221.994
0
284.687
0
-47.6028
-56.4269
221.345
0
284.687
0
-45.2735
-56.4269
220.734
0
284.687
0
-42.653
-56.4269
220.048
0
284.687
0
-40.3237
-56.4269
219.437
0
284.687
0
-37.8488
-56.4269
218.788
0
284.687
0
-35.5195
-56.4269
218.178
0
284.687
0
-33.0446
-56.4269
217.529
0
284.687
0
-30.7153
-56.4269
216.919
0
284.687
0
-28.0948
-56.4269
216.232
0
284.687
0
-25.7655
-56.4269
215.621
0
284.687
0
-23.4362
-56.4269
215.011
0
284.687
0
-20.9613
-56.4269
214.362
0
284.687
0
-18.4864
-56.4269
213.713
0
284.687
0
-16.1571
-56.4269
213.103
0
284.687
0
-13.6822
-56.4269
212.454
0
282.128
0
-11.1808
-56.4269
211.917
0
279.536
0
-8.77448
-56.4269
211.512
0
277.064
0
-6.16791
-56.4269
211.189
0
274.403
0
-3.51526
-56.4269
210.985
0
271.709
0
-0.980393
-56.4269
210.91
0
269.141
0
1.7478
-56.4269
210.95
0
269.141
0
4.50999
-56.4269
210.992
0
269.141
0
7.30618
-56.4269
211.034
0
269.141
0
9.96988
-56.4269
211.074
0
269.141
0
12.8341
-56.4269
211.117
0
269.141
0
15.5617
-56.4269
211.158
0
269.141
0
18.4939
-56.4269
211.202
0
269.141
0
21.2856
-56.4269
211.243
0
269.141
0
24.2858
-56.4269
211.288
0
272.175
0
27.1397
-56.4269
211.18
0
275.063
0
30.1962
-56.4269
210.909
0
278.166
0
33.0866
-56.4269
210.494
0
281.118
0
36.1643
-56.4269
209.89
0
281.118
0
39.2753
-56.4269
209.278
0
281.118
0
42.2347
-56.4269
208.697
0
281.118
0
45.4124
-56.4269
208.072
0
281.118
0
48.6235
-56.4269
207.441
0
281.118
0
51.8679
-56.4269
206.803
0
281.118
0
55.1457
-56.4269
206.159
0
281.118
0
58.2621
-56.4269
205.547
0
281.118
0
61.4099
-56.4269
204.928
0
281.118
0
64.7878
-56.4269
204.265
0
281.118
0
68.199
-56.4269
203.594
0
277.607
0
71.474
-56.4269
203.157
0
274.271
0
75.0086
-56.4269
202.893
0
270.693
0
78.5869
-56.4269
202.849
0
267.081
0
81.9824
-56.4269
203.023
0
267.081
0
85.1958
-56.4269
203.187
0
267.081
0
88.6553
-56.4269
203.363
0
267.081
0
92.365
-56.4269
203.552
0
267.081
0
95.8884
-56.4269
203.732
0
267.081
0
99.666
-56.4269
203.925
0
267.081
0
103.478
-56.4269
204.119
0
267.081
0
107.097
-56.4269
204.303
0
267.081
0
110.976
-56.4269
204.501
0
267.081
0
114.89
-56.4269
204.701
0
267.081
0
118.837
-56.4269
204.902
0
267.081
0
122.584
-56.4269
205.093
0
267.081
0
126.599
-56.4269
205.298
0
267.081
0
130.649
-56.4269
205.505
0
267.081
0
134.492
-56.4269
205.701
0
267.081
0
138.609
-56.4269
205.911
0
267.081
0
142.516
-56.4269
206.11
0
267.081
0
146.701
-56.4269
206.323
0
267.081
0
150.92
-56.4269
206.538
0
267.081
0
155.173
-56.4269
206.755
0
267.081
0
159.434
-56.4269
206.973
0
271.356
0
163.709
-56.4269
206.871
0
275.64
0
167.721
-56.4269
206.475
0
279.68
0
171.952
-56.4269
205.753
0
283.981
0
175.881
-56.4269
204.775
0
283.981
0
179.816
-56.4269
203.795
0
283.981
0
184.007
-56.4269
202.752
0
283.981
0
188.205
-56.4269
201.707
0
283.981
0
192.164
-56.4269
200.721
0
283.981
0
196.379
-56.4269
199.672
0
283.981
0
200.602
-56.4269
198.62
0
283.981
0
204.584
-56.4269
197.629
0
283.981
0
208.824
-56.4269
196.573
0
283.981
0
213.072
-56.4269
195.516
0
283.981
0
217.077
-56.4269
194.518
0
283.981
0
221.342
-56.4269
193.457
0
283.981
0
225.614
-56.4269
192.393
0
283.981
0
229.895
-56.4269
191.327
0
283.981
0
234.184
-56.4269
190.259
0
283.981
0
238.229
-56.4269
189.252
0
283.981
0
242.281
-56.4269
188.243
0
288.165
0
246.505
-56.4269
186.857
0
292.619
0
250.374
-56.4269
185.245
0
296.819
0
255.06
-56.4269
182.877
0
302.079
0
258.625
-56.4269
180.642
0
306.295
0
262.236
-56.4269
177.99
0
310.783
0
265.634
-56.4269
175.059
0
315.28
0
268.612
-56.4269
172.052
0
319.52
0
271.536
-56.4269
168.625
0
324.033
0
274.187
-56.4269
164.972
0
328.555
0
276.408
-56.4269
161.341
0
332.819
0
278.599
-56.4269
157.074
0
337.625
0
280.225
-56.4269
153.123
0
341.905
0
281.637
-56.4269
148.801
0
346.461
0
282.704
-56.4269
144.371
0
346.461
0
283.71
-56.4269
140.195
0
346.461
0
284.78
-56.4269
135.749
0
346.461
0
285.79
-56.4269
131.557
0
346.461
0
286.864
-56.4269
127.094
0
346.461
0
287.878
-56.4269
122.886
0
346.461
0
288.956
-56.4269
118.407
0
346.461
0
290.037
-56.4269
113.92
0
346.461
0
291.119
-56.4269
109.425
0
351.094
0
291.794
-56.4269
105.117
0
355.462
0
292.161
-56.4269
100.491
0
0
0
292.161
-56.4269
95.8413
0
4.658
0
291.805
-56.4269
91.4718
0
9.05
0
291.071
-56.4269
86.8634
0
13.725
0
289.962
-56.4269
82.3219
0
18.4085
0
288.57
-56.4269
78.1394
0
18.4085
0
287.176
-56.4269
73.9494
0
18.4085
0
285.691
-56.4269
69.4894
0
18.4085
0
284.117
-56.4269
64.7586
0
18.4085
0
282.715
-56.4269
60.5458
0
18.4085
0
281.31
-56.4269
56.3254
0
18.4085
0
279.815
-56.4269
51.8331
0
18.4085
0
278.405
-56.4269
47.5976
0
18.4085
0
276.817
-56.4269
42.824
0
23.4485
0
275.034
-56.4269
38.714
0
27.9365
0
272.8
-56.4269
34.5012
0
32.7135
0
270.218
-56.4269
30.4819
0
37.499
0
267.476
-56.4269
26.9086
0
37.499
0
264.558
-56.4269
23.1052
0
37.499
0
261.635
-56.4269
19.295
0
37.499
0
258.878
-56.4269
15.7027
0
37.499
0
255.944
-56.4269
11.8791
0
37.499
0
253.005
-56.4269
8.04872
0
37.499
0
250.234
-56.4269
4.43732
0
37.499
0
247.285
-56.4269
0.593475
0
37.499
0
244.33
-56.4269
-3.25712
0
37.499
0
241.545
-56.4269
-6.88755
0
37.499
0
238.58
-56.4269
-10.7516
0
42.378
0
235.291
-56.4269
-14.3558
0
47.2655
0
231.913
-56.4269
-17.4774
0
51.8735
0
228.061
-56.4269
-20.5002
0
56.778
0
223.958
-56.4269
-23.1873
0
61.691
0
219.633
-56.4269
-25.5171
0
66.6125
0
215.381
-56.4269
-27.3558
0
71.2525
0
210.713
-56.4269
-28.9403
0
76.191
0
206.199
-56.4269
-30.0497
0
80.847
0
201.315
-56.4269
-30.8366
0
85.8025
0
196.373
-56.4269
-31.1994
0
85.8025
0
191.714
-56.4269
-31.5413
0
85.8025
0
186.754
-56.4269
-31.9053
0
85.8025
0
181.787
-56.4269
-32.2699
0
85.8025
0
177.103
-56.4269
-32.6136
0
85.8025
0
172.119
-56.4269
-32.9794
0
85.8025
0
167.126
-56.4269
-33.3459
0
85.8025
0
162.124
-56.4269
-33.713
0
85.8025
0
157.409
-56.4269
-34.059
0
85.8025
0
152.39
-56.4269
-34.4273
0
85.8025
0
147.659
-56.4269
-34.7746
0
85.8025
0
142.624
-56.4269
-35.1441
0
85.8025
0
137.876
-56.4269
-35.4925
0
85.8025
0
132.824
-56.4269
-35.8634
0
85.8025
0
127.763
-56.4269
-36.2348
0
90.8855
0
122.681
-56.4269
-36.1562
0
95.977
0
117.915
-56.4269
-35.6572
0
100.777
0
112.905
-56.4269
-34.7036
0
105.885
0
108.28
-56.4269
-33.3876
0
110.701
0
103.212
-56.4269
-31.4723
0
110.701
0
98.6996
-56.4269
-29.767
0
110.701
0
93.897
-56.4269
-27.9522
0
110.701
0
89.0866
-56.4269
-26.1343
0
110.701
0
84.5516
-56.4269
-24.4205
0
110.701
0
80.0091
-56.4269
-22.704
0
110.701
0
74.8904
-56.4269
-20.7696
0
110.701
0
70.0481
-56.4269
-18.9397
0
110.701
0
65.1979
-56.4269
-17.1068
0
110.701
0
60.6255
-56.4269
-15.3789
0
110.701
0
55.7594
-56.4269
-13.54
0
110.701
0
51.172
-56.4269
-11.8065
0
110.701
0
46.29
-56.4269
-9.96155
0
110.701
0
