50
-56.4269
-20
0
90
0
49.976
-56.4269
-20
0
90
0
49.9
-56.4269
-20
0
90
0
49.81
-56.4269
-20
0
90
0
49.666
-56.4269
-20
0
90
0
49.526
-56.4269
-20
0
90
0
49.298
-56.4269
-20
0
90
0
49.088
-56.4269
-20
0
90
0
48.816
-56.4269
-20
0
90
0
48.51
-56.4269
-20
0
90
0
48.19
-56.4269
-20
0
90
0
47.816
-56.4269
-20
0
90
0
47.432
-56.4269
-20
0
90
0
46.938
-56.4269
-20
0
90
0
46.518
-56.4269
-20
0
90
0
46.008
-56.4269
-20
0
90
0
45.496
-56.4269
-20
0
90
0
44.884
-56.4269
-20
0
90
0
44.344
-56.4269
-20
0
90
0
43.698
-56.4269
-20
0
90
0
43.058
-56.4269
-20
0
90
0
41.84
-56.4269
-20
0
90
0
40.564
-56.4269
-20
0
90
0
39.736
-56.4269
-20
0
90
0
38.968
-56.4269
-20
0
90
0
38.068
-56.4269
-20
0
90
0
37.288
-56.4269
-20
0
90
0
36.37
-56.4269
-20
0
90
0
35.362
-56.4269
-20
0
90
0
34.434
-56.4269
-20
0
90
0
33.414
-56.4269
-20
0
90
0
31.368
-56.4269
-20
0
90
0
30.408
-56.4269
-20
0
90
0
29.154
-56.4269
-20
0
90
0
28.066
-56.4269
-20
0
90
0
26.946
-56.4269
-20
0
90
0
25.722
-56.4269
-20
0
90
0
24.538
-56.4269
-20
0
90
0
23.094
-56.4269
-20
0
91.4535
0
20.7233
-56.4269
-19.9398
0
93.8405
0
19.494
-56.4269
-19.8573
0
95.0805
0
18.2589
-56.4269
-19.7475
0
96.3285
0
17.0185
-56.4269
-19.61
0
97.5845
0
15.5401
-56.4269
-19.4131
0
99.0855
0
14.3699
-56.4269
-19.226
0
100.278
0
13.0401
-56.4269
-18.9848
0
100.278
0
11.8594
-56.4269
-18.7707
0
100.278
0
10.3544
-56.4269
-18.4978
0
100.278
0
9.07921
-56.4269
-18.2666
0
100.278
0
7.79614
-56.4269
-18.0339
0
100.278
0
6.34382
-56.4269
-17.7706
0
100.278
0
5.045
-56.4269
-17.535
0
100.278
0
3.73831
-56.4269
-17.2981
0
100.278
0
2.34159
-56.4269
-17.0448
0
100.278
0
0.936503
-56.4269
-16.79
0
100.278
0
-0.393802
-56.4269
-16.5488
0
100.278
0
-1.81562
-56.4269
-16.291
0
100.278
0
-3.16166
-56.4269
-16.0469
0
100.278
0
-4.76944
-56.4269
-15.7554
0
100.278
0
-5.96101
-56.4269
-15.5393
0
100.278
0
-7.41628
-56.4269
-15.2754
0
100.278
0
-9.0521
-56.4269
-14.9788
0
100.278
0
-10.3509
-56.4269
-14.7432
0
100.278
0
-11.8313
-56.4269
-14.4748
0
100.278
0
-13.2324
-56.4269
-14.2207
0
100.278
0
-14.7295
-56.4269
-13.9493
0
100.278
0
-16.1464
-56.4269
-13.6923
0
100.278
0
-17.6602
-56.4269
-13.4178
0
100.278
0
-19.0929
-56.4269
-13.158
0
100.278
0
-20.7134
-56.4269
-12.8642
0
100.278
0
-22.0713
-56.4269
-12.618
0
100.278
0
-23.6186
-56.4269
-12.3374
0
100.278
0
-25.1742
-56.4269
-12.0553
0
100.278
0
-26.7382
-56.4269
-11.7717
0
100.278
0
-28.3105
-56.4269
-11.4866
0
100.278
0
-29.7983
-56.4269
-11.2168
0
100.278
0
-31.3874
-56.4269
-10.9286
0
100.278
0
-32.8908
-56.4269
-10.656
0
100.278
0
-34.4967
-56.4269
-10.3648
0
100.278
0
-36.0159
-56.4269
-10.0893
0
100.278
0
-37.7339
-56.4269
-9.77779
0
100.278
0
-39.1729
-56.4269
-9.51685
0
100.278
0
-41.005
-56.4269
-9.18462
0
100.278
0
-42.6526
-56.4269
-8.88585
0
100.278
0
-44.2112
-56.4269
-8.60323
0
100.278
0
-45.8756
-56.4269
-8.30142
0
100.278
0
-47.3515
-56.4269
-8.03379
0
100.278
0
-49.1315
-56.4269
-7.71102
0
100.278
0
-50.7216
-56.4269
-7.42269
0
100.278
0
-52.4194
-56.4269
-7.11482
0
100.278
0
-54.0252
-56.4269
-6.82363
0
100.278
0
-55.7397
-56.4269
-6.51272
0
100.278
0
-57.3613
-56.4269
-6.21868
0
100.278
0
-59.0925
-56.4269
-5.90474
0
100.278
0
-61.0368
-56.4269
-5.55218
0
100.278
0
-62.4764
-56.4269
-5.29114
0
100.278
0
-64.2327
-56.4269
-4.97266
0
100.278
0
-66.1012
-56.4269
-4.63383
0
100.278
0
-67.77
-56.4269
-4.33122
0
100.278
0
-69.4467
-56.4269
-4.02719
0
100.278
0
-71.2365
-56.4269
-3.70263
0
100.278
0
-72.9289
-56.4269
-3.39574
0
100.278
0
-74.7355
-56.4269
-3.06816
0
100.278
0
-76.4436
-56.4269
-2.75841
0
100.278
0
-78.2669
-56.4269
-2.42779
0
100.278
0
-79.9908
-56.4269
-2.11519
0
100.278
0
-81.8308
-56.4269
-1.78154
0
100.278
0
-83.7878
-56.4269
-1.42665
0
100.278
0
-85.4261
-56.4269
-1.12958
0
100.278
0
-87.4009
-56.4269
-0.771479
0
100.278
0
-89.2744
-56.4269
-0.43176
0
100.278
0
-91.1562
-56.4269
-0.0905232
0
102.199
0
-92.8129
-56.4269
0.267643
0
103.901
0
-94.7961
-56.4269
0.75848
0
105.953
0
-96.4402
-56.4269
1.22849
0
107.671
0
-98.2949
-56.4269
1.81935
0
107.671
0
-100.267
-56.4269
2.4477
0
107.671
0
-102.028
-56.4269
3.00866
0
107.671
0
-104.017
-56.4269
3.64247
0
107.671
0
-105.683
-56.4269
4.17293
0
107.671
0
-107.689
-56.4269
4.8122
0
107.671
0
-109.48
-56.4269
5.38288
0
107.671
0
-111.392
-56.4269
5.9918
0
107.671
0
-113.198
-56.4269
6.56733
0
107.671
0
-115.239
-56.4269
7.21754
0
109.822
0
-116.926
-56.4269
7.82538
0
111.622
0
-118.822
-56.4269
8.57708
0
113.67
0
-120.809
-56.4269
9.44788
0
115.848
0
-122.551
-56.4269
10.292
0
117.792
0
-124.486
-56.4269
11.3117
0
119.988
0
-126.176
-56.4269
12.2874
0
121.948
0
-128.047
-56.4269
13.4541
0
124.162
0
-129.574
-56.4269
14.4902
0
124.162
0
-131.311
-56.4269
15.6691
0
124.162
0
-132.953
-56.4269
16.7832
0
124.162
0
-134.807
-56.4269
18.0417
0
124.162
0
-136.565
-56.4269
19.2349
0
124.162
0
-138.227
-56.4269
20.3625
0
126.178
0
-139.956
-56.4269
21.6269
0
128.329
0
-141.643
-56.4269
22.9606
0
130.488
0
-143.188
-56.4269
24.28
0
132.528
0
-144.692
-56.4269
25.6589
0
132.528
0
-146.39
-56.4269
27.2163
0
132.528
0
-147.905
-56.4269
28.6061
0
132.528
0
-149.521
-56.4269
30.0884
0
132.528
0
-151.048
-56.4269
31.489
0
132.528
0
-152.772
-56.4269
33.0707
0
132.528
0
-154.215
-56.4269
34.3939
0
132.528
0
-155.856
-56.4269
35.8992
0
132.528
0
-157.504
-56.4269
37.4103
0
132.528
0
-159.157
-56.4269
38.9272
0
132.528
0
-160.72
-56.4269
40.3602
0
132.528
0
-162.288
-56.4269
41.7986
0
132.528
0
-164.059
-56.4269
43.4229
0
134.94
0
-165.576
-56.4269
44.9374
0
137.092
0
-167.225
-56.4269
46.7106
0
139.522
0
-168.539
-56.4269
48.2509
0
141.554
0
-170.056
-56.4269
50.1612
0
144.002
0
-171.255
-56.4269
51.8116
0
146.05
0
-172.627
-56.4269
53.8498
0
148.516
0
-173.772
-56.4269
55.7191
0
150.716
0
-174.848
-56.4269
57.6379
0
152.924
0
-175.978
-56.4269
59.8497
0
155.417
0
-176.9
-56.4269
61.8648
0
155.417
0
-177.883
-56.4269
64.0136
0
155.417
0
-178.87
-56.4269
66.1702
0
155.417
0
-179.86
-56.4269
68.3345
0
155.417
0
-180.795
-56.4269
70.3787
0
155.417
0
-181.792
-56.4269
72.5584
0
155.417
0
-182.734
-56.4269
74.6172
0
155.417
0
-183.798
-56.4269
76.9416
0
157.982
0
-184.546
-56.4269
78.7911
0
159.984
0
-185.329
-56.4269
80.9409
0
162.28
0
-186.159
-56.4269
83.538
0
165.016
0
-186.717
-56.4269
85.6246
0
167.183
0
-187.294
-56.4269
88.1608
0
169.793
0
-187.679
-56.4269
90.3013
0
171.976
0
-188.045
-56.4269
92.8947
0
174.604
0
-188.251
-56.4269
95.075
0
176.801
0
-188.398
-56.4269
97.7079
0
179.447
0
-188.419
-56.4269
99.9128
0
181.66
0
-188.342
-56.4269
102.567
0
181.66
0
-188.274
-56.4269
104.934
0
181.66
0
-188.205
-56.4269
107.309
0
181.66
0
-188.123
-56.4269
110.138
0
181.66
0
-188.058
-56.4269
112.38
0
181.66
0
-187.984
-56.4269
114.929
0
181.66
0
-187.914
-56.4269
117.336
0
181.66
0
-187.836
-56.4269
120.044
0
184.369
0
-187.664
-56.4269
122.295
0
186.626
0
-187.351
-56.4269
124.986
0
189.335
0
-186.961
-56.4269
127.362
0
191.743
0
-186.471
-56.4269
129.719
0
194.151
0
-185.845
-56.4269
132.2
0
196.71
0
-185.11
-56.4269
134.651
0
199.268
0
-184.265
-56.4269
137.066
0
199.268
0
-183.471
-56.4269
139.339
0
199.268
0
-182.577
-56.4269
141.896
0
199.268
0
-181.782
-56.4269
144.169
0
199.268
0
-180.888
-56.4269
146.727
0
199.268
0
-180.143
-56.4269
148.858
0
199.268
0
-179.299
-56.4269
151.273
0
199.268
0
-178.504
-56.4269
153.546
0
199.268
0
-177.61
-56.4269
156.103
0
201.977
0
-176.765
-56.4269
158.197
0
204.235
0
-175.592
-56.4269
160.804
0
207.094
0
-174.358
-56.4269
163.216
0
209.803
0
-173.236
-56.4269
165.175
0
212.061
0
-171.798
-56.4269
167.471
0
214.77
0
-170.51
-56.4269
169.325
0
217.027
0
-168.879
-56.4269
171.488
0
219.736
0
-167.34
-56.4269
173.339
0
222.145
0
-165.522
-56.4269
175.348
0
222.145
0
-163.906
-56.4269
177.133
0
222.145
0
-162.189
-56.4269
179.031
0
222.145
0
-160.473
-56.4269
180.928
0
222.145
0
-158.857
-56.4269
182.713
0
222.145
0
-157.14
-56.4269
184.61
0
222.145
0
-155.524
-56.4269
186.395
0
222.145
0
-153.808
-56.4269
188.292
0
224.703
0
-152.114
-56.4269
190.004
0
227.111
0
-150.129
-56.4269
191.848
0
229.82
0
-148.404
-56.4269
193.304
0
232.078
0
-146.148
-56.4269
195.062
0
234.937
0
-144.301
-56.4269
196.358
0
237.195
0
-142.15
-56.4269
197.745
0
239.753
0
-139.81
-56.4269
199.109
0
242.462
0
-135.54
-56.4269
201.336
0
242.462
0
-133.404
-56.4269
202.449
0
242.462
0
-131.136
-56.4269
203.632
0
242.462
0
-128.867
-56.4269
204.815
0
242.462
0
-126.598
-56.4269
205.998
0
242.462
0
-124.463
-56.4269
207.111
0
242.462
0
-122.195
-56.4269
208.294
0
242.462
0
-120.059
-56.4269
209.407
0
242.462
0
-117.791
-56.4269
210.59
0
242.462
0
-115.522
-56.4269
211.773
0
245.021
0
-113.339
-56.4269
212.79
0
247.429
0
-110.977
-56.4269
213.772
0
249.987
0
-108.573
-56.4269
214.648
0
252.546
0
-106.132
-56.4269
215.415
0
255.104
0
-103.805
-56.4269
216.034
0
257.512
0
-101.307
-56.4269
216.587
0
260.071
0
-98.9353
-56.4269
217.003
0
260.071
0
-96.4151
-56.4269
217.444
0
260.071
0
-94.0432
-56.4269
217.859
0
260.071
0
-91.2265
-56.4269
218.352
0
260.071
0
-89.0028
-56.4269
218.741
0
260.071
0
-86.6309
-56.4269
219.157
0
260.071
0
-83.9625
-56.4269
219.624
0
260.071
0
-81.7388
-56.4269
220.013
0
262.328
0
-79.054
-56.4269
220.375
0
265.037
0
-76.5051
-56.4269
220.596
0
267.596
0
-73.9489
-56.4269
220.703
0
270.154
0
-71.6914
-56.4269
220.697
0
272.412
0
-69.1352
-56.4269
220.589
0
272.412
0
-66.7293
-56.4269
220.488
0
272.412
0
-63.8723
-56.4269
220.368
0
272.412
0
-61.4665
-56.4269
220.267
0
272.412
0
-58.9102
-56.4269
220.159
0
272.412
0
-56.5044
-56.4269
220.058
0
272.412
0
-54.0985
-56.4269
219.956
0
272.412
0
-51.5423
-56.4269
219.849
0
272.412
0
-48.986
-56.4269
219.741
0
272.412
0
-46.4298
-56.4269
219.633
0
272.412
0
-43.8736
-56.4269
219.526
0
272.412
0
-41.4677
-56.4269
219.424
0
272.412
0
-39.0618
-56.4269
219.323
0
272.412
0
-36.3552
-56.4269
219.209
0
272.412
0
-33.9494
-56.4269
219.108
0
272.412
0
-31.5435
-56.4269
219.006
0
272.412
0
-28.9873
-56.4269
218.899
0
272.412
0
-26.5814
-56.4269
218.797
0
272.412
0
-23.8748
-56.4269
218.683
0
272.412
0
-21.4689
-56.4269
218.582
0
272.412
0
-18.7623
-56.4269
218.468
0
272.412
0
-16.5068
-56.4269
218.373
0
272.412
0
-13.8002
-56.4269
218.259
0
272.412
0
-11.3944
-56.4269
218.158
0
272.412
0
-8.83813
-56.4269
218.05
0
272.412
0
-6.2819
-56.4269
217.943
0
272.412
0
-4.0264
-56.4269
217.848
0
272.412
0
-1.31979
-56.4269
217.734
0
272.412
0
0.935706
-56.4269
217.639
0
272.412
0
3.49194
-56.4269
217.531
0
272.412
0
5.89781
-56.4269
217.43
0
272.412
0
8.60441
-56.4269
217.316
0
272.412
0
11.1606
-56.4269
217.208
0
272.412
0
13.7169
-56.4269
217.1
0
272.412
0
15.9724
-56.4269
217.005
0
272.412
0
18.5286
-56.4269
216.898
0
272.412
0
21.0848
-56.4269
216.79
0
272.412
0
23.4907
-56.4269
216.689
0
272.412
0
26.1973
-56.4269
216.575
0
272.412
0
28.6032
-56.4269
216.473
0
272.412
0
31.1594
-56.4269
216.366
0
272.412
0
33.5653
-56.4269
216.265
0
272.412
0
36.2719
-56.4269
216.151
0
272.412
0
38.5274
-56.4269
216.056
0
272.412
0
49.3538
-56.4269
215.6
0
272.412
0
54.0152
-56.4269
215.403
0
272.412
0
58.8269
-56.4269
215.201
0
272.412
0
63.789
-56.4269
214.992
0
272.412
0
65.8941
-56.4269
214.903
0
272.412
0
68.6007
-56.4269
214.789
0
272.412
0
70.8562
-56.4269
214.694
0
272.412
0
73.5628
-56.4269
214.58
0
272.412
0
75.8183
-56.4269
214.485
0
272.412
0
78.5249
-56.4269
214.371
0
272.412
0
80.6301
-56.4269
214.282
0
272.412
0
83.0359
-56.4269
214.181
0
272.412
0
85.4418
-56.4269
214.08
0
272.412
0
87.9981
-56.4269
213.972
0
272.412
0
90.5543
-56.4269
213.864
0
272.412
0
92.9602
-56.4269
213.763
0
272.412
0
95.6668
-56.4269
213.649
0
272.412
0
97.9223
-56.4269
213.554
0
272.412
0
100.629
-56.4269
213.44
0
272.412
0
102.884
-56.4269
213.345
0
272.412
0
105.892
-56.4269
213.219
0
272.412
0
108.147
-56.4269
213.124
0
272.412
0
110.553
-56.4269
213.022
0
272.412
0
112.959
-56.4269
212.921
0
272.412
0
115.515
-56.4269
212.813
0
272.412
0
118.071
-56.4269
212.706
0
272.412
0
120.477
-56.4269
212.604
0
272.412
0
123.184
-56.4269
212.49
0
272.412
0
125.439
-56.4269
212.395
0
272.412
0
128.146
-56.4269
212.281
0
272.412
0
130.402
-56.4269
212.186
0
272.412
0
133.108
-56.4269
212.072
0
272.412
0
135.514
-56.4269
211.971
0
272.412
0
137.92
-56.4269
211.87
0
272.412
0
140.476
-56.4269
211.762
0
272.412
0
143.032
-56.4269
211.654
0
272.412
0
145.589
-56.4269
211.547
0
272.412
0
147.994
-56.4269
211.445
0
272.412
0
150.701
-56.4269
211.331
0
272.412
0
152.957
-56.4269
211.237
0
272.412
0
155.663
-56.4269
211.123
0
272.412
0
158.069
-56.4269
211.021
0
272.412
0
160.625
-56.4269
210.914
0
272.412
0
163.031
-56.4269
210.812
0
272.412
0
165.587
-56.4269
210.705
0
272.412
0
167.993
-56.4269
210.603
0
272.412
0
170.7
-56.4269
210.489
0
272.412
0
173.256
-56.4269
210.382
0
272.412
0
175.662
-56.4269
210.28
0
272.412
0
178.369
-56.4269
210.166
0
272.412
0
180.624
-56.4269
210.071
0
272.412
0
183.331
-56.4269
209.957
0
272.412
0
185.586
-56.4269
209.862
0
272.412
0
188.142
-56.4269
209.755
0
272.412
0
190.699
-56.4269
209.647
0
272.412
0
193.104
-56.4269
209.546
0
272.412
0
195.961
-56.4269
209.425
0
272.412
0
198.217
-56.4269
209.33
0
272.412
0
200.773
-56.4269
209.223
0
272.412
0
203.179
-56.4269
209.121
0
272.412
0
205.886
-56.4269
209.008
0
272.412
0
208.141
-56.4269
208.913
0
272.412
0
210.697
-56.4269
208.805
0
272.412
0
213.254
-56.4269
208.697
0
272.412
0
215.81
-56.4269
208.59
0
274.97
0
218.209
-56.4269
208.381
0
277.378
0
220.746
-56.4269
208.052
0
279.937
0
223.266
-56.4269
207.611
0
282.495
0
225.617
-56.4269
207.09
0
284.903
0
228.235
-56.4269
206.393
0
287.612
0
230.387
-56.4269
205.71
0
289.87
0
232.934
-56.4269
204.789
0
292.579
0
235.297
-56.4269
203.807
0
295.137
0
237.749
-56.4269
202.656
0
297.846
0
240.012
-56.4269
201.461
0
300.405
0
242.088
-56.4269
200.243
0
302.813
0
244.365
-56.4269
198.775
0
305.522
0
246.325
-56.4269
197.376
0
307.93
0
248.343
-56.4269
195.803
0
310.488
0
250.174
-56.4269
194.239
0
312.896
0
252.159
-56.4269
192.395
0
315.605
0
253.738
-56.4269
190.782
0
317.863
0
255.556
-56.4269
188.774
0
320.572
0
257.085
-56.4269
186.914
0
322.98
0
258.626
-56.4269
184.871
0
325.538
0
260.159
-56.4269
182.637
0
325.538
0
261.436
-56.4269
180.776
0
325.538
0
262.884
-56.4269
178.666
0
325.538
0
264.246
-56.4269
176.681
0
325.538
0
265.694
-56.4269
174.572
0
325.538
0
267.057
-56.4269
172.586
0
325.538
0
268.59
-56.4269
170.353
0
325.538
0
269.952
-56.4269
168.367
0
325.538
0
271.485
-56.4269
166.134
0
325.538
0
272.763
-56.4269
164.272
0
325.538
0
274.125
-56.4269
162.287
0
325.538
0
275.658
-56.4269
160.053
0
325.538
0
277.021
-56.4269
158.068
0
325.538
0
278.468
-56.4269
155.958
0
325.538
0
279.831
-56.4269
153.973
0
325.538
0
281.364
-56.4269
151.739
0
325.538
0
282.726
-56.4269
149.754
0
325.538
0
284.174
-56.4269
147.645
0
328.097
0
285.447
-56.4269
145.6
0
330.505
0
286.781
-56.4269
143.242
0
333.214
0
287.798
-56.4269
141.227
0
335.471
0
288.86
-56.4269
138.9
0
338.03
0
289.817
-56.4269
136.527
0
340.588
0
290.568
-56.4269
134.398
0
342.846
0
291.367
-56.4269
131.809
0
345.555
0
291.967
-56.4269
129.477
0
347.963
0
292.532
-56.4269
126.828
0
350.672
0
292.923
-56.4269
124.452
0
353.08
0
293.231
-56.4269
121.912
0
355.638
0
293.414
-56.4269
119.511
0
358.046
0
293.506
-56.4269
116.803
0
0
0
293.506
-56.4269
114.546
0
2.2575
0
293.406
-56.4269
111.989
0
2.2575
0
293.311
-56.4269
109.583
0
2.2575
0
293.204
-56.4269
106.876
0
2.2575
0
293.109
-56.4269
104.47
0
2.2575
0
293.014
-56.4269
102.064
0
2.2575
0
292.908
-56.4269
99.3572
0
2.2575
0
292.819
-56.4269
97.1015
0
2.2575
0
292.712
-56.4269
94.3946
0
2.2575
0
292.617
-56.4269
91.9885
0
2.2575
0
292.522
-56.4269
89.5823
0
2.2575
0
292.422
-56.4269
87.0258
0
4.816
0
292.219
-56.4269
84.6263
0
7.224
0
291.86
-56.4269
81.7895
0
10.0835
0
291.465
-56.4269
79.5669
0
12.341
0
290.918
-56.4269
77.0675
0
14.8995
0
290.299
-56.4269
74.7405
0
17.3075
0
289.493
-56.4269
72.1541
0
20.0165
0
288.72
-56.4269
70.033
0
22.274
0
287.636
-56.4269
67.3869
0
22.274
0
286.723
-56.4269
65.1586
0
22.274
0
285.811
-56.4269
62.9303
0
22.274
0
284.727
-56.4269
60.2841
0
22.274
0
283.871
-56.4269
58.1951
0
22.274
0
282.901
-56.4269
55.8275
0
22.274
0
281.989
-56.4269
53.5992
0
22.274
0
280.962
-56.4269
51.0923
0
22.274
0
280.106
-56.4269
49.0033
0
22.274
0
279.079
-56.4269
46.4964
0
22.274
0
278.167
-56.4269
44.2681
0
22.274
0
277.14
-56.4269
41.7612
0
22.274
0
276.284
-56.4269
39.6722
0
22.274
0
275.314
-56.4269
37.3046
0
22.274
0
274.402
-56.4269
35.0763
0
24.682
0
273.333
-56.4269
32.7515
0
27.2405
0
272.093
-56.4269
30.343
0
29.9495
0
270.966
-56.4269
28.3869
0
32.207
0
269.523
-56.4269
26.0948
0
34.916
0
268.23
-56.4269
24.2436
0
37.1735
0
266.594
-56.4269
22.0851
0
39.8825
0
265.049
-56.4269
20.2373
0
42.2905
0
263.227
-56.4269
18.2333
0
44.9995
0
261.524
-56.4269
16.5306
0
47.4075
0
259.751
-56.4269
14.9009
0
49.8155
0
257.567
-56.4269
13.0558
0
49.8155
0
255.957
-56.4269
11.6963
0
49.8155
0
253.887
-56.4269
9.94827
0
49.8155
0
252.048
-56.4269
8.39451
0
49.8155
0
250.093
-56.4269
6.74364
0
49.8155
0
248.253
-56.4269
5.18987
0
49.8155
0
246.184
-56.4269
3.44189
0
49.8155
0
244.459
-56.4269
1.98523
0
49.8155
0
242.39
-56.4269
0.237247
0
49.8155
0
240.665
-56.4269
-1.21941
0
49.8155
0
238.71
-56.4269
-2.87028
0
49.8155
0
236.756
-56.4269
-4.52116
0
52.374
0
234.729
-56.4269
-6.08313
0
54.9325
0
232.512
-56.4269
-7.63956
0
57.6415
0
230.605
-56.4269
-8.84781
0
59.899
0
228.392
-56.4269
-10.131
0
62.4575
0
226.256
-56.4269
-11.2444
0
64.8655
0
223.668
-56.4269
-12.459
0
67.725
0
221.718
-56.4269
-13.2577
0
69.832
0
219.175
-56.4269
-14.1917
0
72.541
0
216.878
-56.4269
-14.9141
0
74.949
0
214.407
-56.4269
-15.5785
0
77.5075
0
211.762
-56.4269
-16.1645
0
77.5075
0
209.558
-56.4269
-16.6528
0
77.5075
0
207.06
-56.4269
-17.2063
0
77.5075
0
204.856
-56.4269
-17.6946
0
77.5075
0
202.211
-56.4269
-18.2806
0
77.5075
0
200.007
-56.4269
-18.7689
0
77.5075
0
197.363
-56.4269
-19.3549
0
77.5075
0
195.012
-56.4269
-19.8758
0
77.5075
0
192.514
-56.4269
-20.4292
0
77.5075
0
190.163
-56.4269
-20.9501
0
79.9155
0
187.644
-56.4269
-21.3981
0
82.474
0
185.107
-56.4269
-21.7332
0
85.0325
0
182.708
-56.4269
-21.9417
0
87.4405
0
180.152
-56.4269
-22.0559
0
89.999
0
177.594
-56.4269
-22.056
0
92.5575
0
175.038
-56.4269
-21.9418
0
95.116
0
172.639
-56.4269
-21.7271
0
97.524
0
170.103
-56.4269
-21.3921
0
100.082
0
167.732
-56.4269
-20.9705
0
100.082
0
165.213
-56.4269
-20.5226
0
100.082
0
162.842
-56.4269
-20.1011
0
100.082
0
160.323
-56.4269
-19.6532
0
100.082
0
157.804
-56.4269
-19.2053
0
100.082
0
155.285
-56.4269
-18.7573
0
100.082
0
152.766
-56.4269
-18.3094
0
100.082
0
150.544
-56.4269
-17.9142
0
100.082
0
147.877
-56.4269
-17.44
0
100.082
0
145.506
-56.4269
-17.0184
0
100.082
0
142.839
-56.4269
-16.5442
0
100.082
0
140.616
-56.4269
-16.149
0
100.082
0
137.949
-56.4269
-15.6747
0
100.082
0
135.578
-56.4269
-15.2531
0
100.082
0
133.207
-56.4269
-14.8316
0
100.082
0
130.54
-56.4269
-14.3573
0
100.082
0
128.169
-56.4269
-13.9358
0
100.082
0
125.65
-56.4269
-13.4879
0
100.082
0
123.279
-56.4269
-13.0663
0
97.6745
0
120.595
-56.4269
-12.7045
0
94.9655
0
118.346
-56.4269
-12.5091
0
92.708
0
115.64
-56.4269
-12.3811
0
89.999
0
113.382
-56.4269
-12.3812
0
89.999
0
110.824
-56.4269
-12.3812
0
89.999
0
108.115
-56.4269
-12.3813
0
89.999
0
105.556
-56.4269
-12.3813
0
89.999
0
102.998
-56.4269
-12.3814
0
89.999
0
100.74
-56.4269
-12.3814
0
89.999
0
98.0312
-56.4269
-12.3815
0
89.999
0
95.7737
-56.4269
-12.3815
0
89.999
0
92.9142
-56.4269
-12.3815
0
89.999
0
90.6567
-56.4269
-12.3816
0
89.999
0
88.0982
-56.4269
-12.3816
0
89.999
0
85.6902
-56.4269
-12.3817
0
89.999
0
83.2822
-56.4269
-12.3817
0
89.999
0
80.7237
-56.4269
-12.3818
0
89.999
0
78.0147
-56.4269
-12.3818
0
89.999
0
75.3057
-56.4269
-12.3819
0
89.999
0
73.0482
-56.4269
-12.3819
0
89.999
0
70.3392
-56.4269
-12.3819
0
89.999
0
68.0817
-56.4269
-12.382
0
89.999
0
65.3727
-56.4269
-12.382
0
89.999
0
62.9647
-56.4269
-12.3821
0
89.999
0
60.2557
-56.4269
-12.3821
0
89.999
0
57.9982
-56.4269
-12.3822
0
89.999
0
55.4397
-56.4269
-12.3822
0
89.999
0
52.8812
-56.4269
-12.3822
0
89.999
0
50.4732
-56.4269
-12.3823
0
89.999
0
47.6137
-56.4269
-12.3823
0
89.999
0
45.3562
-56.4269
-12.3824
0
89.999
0
42.4967
-56.4269
-12.3824
0
89.999
0
40.0887
-56.4269
-12.3825
0
92.407
0
37.5324
-56.4269
-12.275
0
94.9655
0
35.1335
-56.4269
-12.0666
0
97.3735
0
32.5961
-56.4269
-11.7382
0
99.932
0
30.2242
-56.4269
-11.3229
0
102.34
0
27.7248
-56.4269
-10.7761
0
102.34
0
25.0784
-56.4269
-10.1972
0
102.34
0
22.7261
-56.4269
-9.68256
0
102.34
0
20.0797
-56.4269
-9.10362
0
102.34
0
18.1684
-56.4269
-8.68549
0
102.34
0
15.669
-56.4269
-8.13871
0
102.34
0
13.1696
-56.4269
-7.59192
0
102.34
0
10.8172
-56.4269
-7.0773
0
102.34
0
8.46484
-56.4269
-6.56268
0
102.34
0
5.81843
-56.4269
-5.98374
0
102.34
0
3.46606
-56.4269
-5.46912
0
102.34
0
0.966667
-56.4269
-4.92233
0
102.34
0
-1.3857
-56.4269
-4.40772
0
102.34
0
-3.73807
-56.4269
-3.8931
0
102.34
0
-6.67853
-56.4269
-3.24982
0
102.34
0
-8.73685
-56.4269
-2.79953
0
100.233
0
-11.2547
-56.4269
-2.34501
0
97.6745
0
-13.7902
-56.4269
-2.00333
0
95.116
0
-16.4884
-56.4269
-1.76177
0
95.116
0
-18.7369
-56.4269
-1.56046
0
95.116
0
-21.2853
-56.4269
-1.33231
0
95.116
0
-23.6837
-56.4269
-1.11758
0
95.116
0
-26.232
-56.4269
-0.889437
0
95.116
0
-28.6304
-56.4269
-0.67471
0
95.116
0
-31.1787
-56.4269
-0.446563
0
95.116
0
-33.8769
-56.4269
-0.204995
0
95.116
0
-36.1254
-56.4269
-0.00368898
0
95.116
0
-38.8236
-56.4269
0.237879
0
95.116
0
-41.0721
-56.4269
0.439185
0
95.116
0
-43.7703
-56.4269
0.680753
0
95.116
0
-46.1687
-56.4269
0.89548
0
95.116
0
-48.717
-56.4269
1.12363
0
95.116
0
-51.1154
-56.4269
1.33835
0
95.116
0
-53.6637
-56.4269
1.5665
0
95.116
0
-56.0622
-56.4269
1.78123
0
95.116
0
-58.6105
-56.4269
2.00938
0
95.116
0
-61.3087
-56.4269
2.25094
0
95.116
0
-63.7071
-56.4269
2.46567
0
95.116
0
-66.2554
-56.4269
2.69382
0
95.116
0
-68.6538
-56.4269
2.90854
0
95.116
0
-71.2021
-56.4269
3.13669
0
95.116
0
-73.7504
-56.4269
3.36484
0
95.116
0
-76.2987
-56.4269
3.59299
0
95.116
0
-78.6971
-56.4269
3.80771
0
95.116
0
-81.0955
-56.4269
4.02244
0
95.116
0
-83.4939
-56.4269
4.23717
0
95.116
0
-86.0422
-56.4269
4.46531
0
95.116
0
-88.7404
-56.4269
4.70688
0
95.116
0
-90.989
-56.4269
4.90819
0
95.116
0
-93.987
-56.4269
5.1766
0
95.116
0
-96.0856
-56.4269
5.36448
0
95.116
0
-98.6339
-56.4269
5.59263
0
95.116
0
-101.032
-56.4269
5.80736
0
95.116
0
-103.88
-56.4269
6.06235
0
95.116
0
-105.979
-56.4269
6.25023
0
97.223
0
-108.816
-56.4269
6.60976
0
100.082
0
-111.038
-56.4269
7.00497
0
102.34
0
-113.538
-56.4269
7.55175
0
104.898
0
-116.01
-56.4269
8.20956
0
107.457
0
-118.307
-56.4269
8.93194
0
109.865
0
-120.855
-56.4269
9.85247
0
112.574
0
-123.218
-56.4269
10.8346
0
115.132
0
-125.806
-56.4269
12.0491
0
117.992
0
-127.933
-56.4269
13.1793
0
120.4
0
-130.14
-56.4269
14.474
0
122.958
0
-132.16
-56.4269
15.784
0
122.958
0
-134.433
-56.4269
17.2578
0
122.958
0
-136.58
-56.4269
18.6497
0
122.958
0
-138.6
-56.4269
19.9597
0
122.958
0
-140.747
-56.4269
21.3516
0
122.958
0
-142.641
-56.4269
22.5798
0
122.958
0
-144.914
-56.4269
24.0535
0
122.958
0
-146.935
-56.4269
25.3636
0
125.366
0
-149.144
-56.4269
26.9315
0
128.075
0
-151.039
-56.4269
28.4166
0
130.483
0
-152.985
-56.4269
30.0776
0
133.042
0
-154.745
-56.4269
31.7212
0
135.45
0
-156.54
-56.4269
33.5444
0
138.008
0
-158.352
-56.4269
35.5579
0
140.717
0
-161.402
-56.4269
39.2856
0
140.717
0
-162.926
-56.4269
41.1495
0
140.717
0
-164.641
-56.4269
43.2464
0
140.717
0
-166.166
-56.4269
45.1102
0
140.717
0
-167.881
-56.4269
47.2071
0
140.717
0
-171.026
-56.4269
51.0513
0
145.684
0
-173.741
-56.4269
55.0291
0
150.5
0
-175.001
-56.4269
57.2559
0
153.059
0
-176.092
-56.4269
59.4025
0
155.467
0
-177.217
-56.4269
61.867
0
158.176
0
-178
-56.4269
63.8229
0
160.283
0
-178.863
-56.4269
66.2314
0
162.841
0
-179.574
-56.4269
68.5323
0
165.249
0
-180.187
-56.4269
70.8609
0
165.249
0
-180.8
-56.4269
73.1895
0
165.249
0
-181.49
-56.4269
75.8092
0
165.249
0
-182.064
-56.4269
77.9924
0
165.249
0
-182.754
-56.4269
80.6121
0
165.249
0
-183.367
-56.4269
82.9407
0
165.249
0
-184.019
-56.4269
85.4149
0
167.808
0
-184.559
-56.4269
87.9157
0
170.366
0
-184.962
-56.4269
90.2897
0
172.774
0
-185.303
-56.4269
92.9772
0
175.483
0
-185.481
-56.4269
95.2277
0
177.741
0
-185.587
-56.4269
97.9346
0
180.45
0
-185.57
-56.4269
100.192
0
182.707
0
-185.442
-56.4269
102.898
0
182.707
0
-185.328
-56.4269
105.303
0
182.707
0
-185.207
-56.4269
107.859
0
182.707
0
-185.072
-56.4269
110.715
0
182.707
0
-184.973
-56.4269
112.82
0
182.707
0
-184.855
-56.4269
115.376
0
182.707
0
-184.741
-56.4269
117.781
0
182.707
0
-184.613
-56.4269
120.487
0
185.416
0
-184.4
-56.4269
122.734
0
187.674
0
-184.038
-56.4269
125.419
0
190.383
0
-183.631
-56.4269
127.64
0
192.64
0
-183.038
-56.4269
130.283
0
195.349
0
-182.401
-56.4269
132.605
0
197.757
0
-181.621
-56.4269
135.042
0
200.316
0
-180.785
-56.4269
137.3
0
202.724
0
-179.738
-56.4269
139.799
0
202.724
0
-178.692
-56.4269
142.297
0
202.724
0
-177.762
-56.4269
144.519
0
202.724
0
-176.715
-56.4269
147.017
0
202.724
0
-175.843
-56.4269
149.1
0
202.724
0
-174.797
-56.4269
151.598
0
205.433
0
-173.698
-56.4269
153.909
0
207.991
0
-172.497
-56.4269
156.168
0
210.55
0
-171.044
-56.4269
158.631
0
213.409
0
-168.309
-56.4269
162.776
0
218.376
0
-165.319
-56.4269
166.552
0
218.376
0
-163.824
-56.4269
168.44
0
218.376
0
-162.049
-56.4269
170.681
0
218.376
0
-159.059
-56.4269
174.457
0
218.376
0
-157.378
-56.4269
176.581
0
218.376
0
-154.388
-56.4269
180.356
0
218.376
0
-152.893
-56.4269
182.244
0
218.376
0
-151.305
-56.4269
184.25
0
218.376
0
-149.81
-56.4269
186.138
0
218.376
0
-148.128
-56.4269
188.261
0
218.376
0
-146.726
-56.4269
190.031
0
218.376
0
-145.138
-56.4269
192.037
0
218.376
0
-143.643
-56.4269
193.925
0
218.376
0
-141.868
-56.4269
196.166
0
221.235
0
-138.693
-56.4269
199.788
0
226.051
0
-136.743
-56.4269
201.668
0
228.76
0
-133.122
-56.4269
204.843
0
233.576
0
-131.184
-56.4269
206.273
0
235.984
0
-129.063
-56.4269
207.704
0
238.543
0
-126.881
-56.4269
209.039
0
241.101
0
-124.641
-56.4269
210.276
0
243.66
0
-122.483
-56.4269
211.344
0
246.068
0
-120.144
-56.4269
212.382
0
248.626
0
-118.042
-56.4269
213.205
0
250.884
0
-115.767
-56.4269
213.993
0
250.884
0
-113.065
-56.4269
214.93
0
250.884
0
-110.932
-56.4269
215.669
0
250.884
0
-108.373
-56.4269
216.556
0
250.884
0
-106.24
-56.4269
217.296
0
250.884
0
-103.68
-56.4269
218.183
0
250.884
0
-101.547
-56.4269
218.922
0
250.884
0
-98.9873
-56.4269
219.809
0
250.884
0
-96.8543
-56.4269
220.548
0
250.884
0
-94.2947
-56.4269
221.436
0
253.593
0
-91.9848
-56.4269
222.116
0
256.001
0
-89.6483
-56.4269
222.698
0
258.409
0
-86.9945
-56.4269
223.243
0
261.118
0
-84.6154
-56.4269
223.614
0
263.526
0
-81.9237
-56.4269
223.92
0
266.235
0
-79.6711
-56.4269
224.068
0
268.492
0
-76.963
-56.4269
224.14
0
268.492
0
-74.5558
-56.4269
224.203
0
268.492
0
-71.9982
-56.4269
224.27
0
268.492
0
-69.5911
-56.4269
224.334
0
268.492
0
-67.0334
-56.4269
224.401
0
268.492
0
-64.6263
-56.4269
224.464
0
268.492
0
-62.0687
-56.4269
224.532
0
268.492
0
-59.3606
-56.4269
224.603
0
271.201
0
-56.9531
-56.4269
224.552
0
273.609
0
-54.3997
-56.4269
224.391
0
276.168
0
-52.0057
-56.4269
224.133
0
278.576
0
-49.4758
-56.4269
223.751
0
281.134
0
-47.1131
-56.4269
223.286
0
281.134
0
-44.4551
-56.4269
222.763
0
281.134
0
-42.2401
-56.4269
222.327
0
281.134
0
-39.582
-56.4269
221.804
0
281.134
0
-37.367
-56.4269
221.368
0
281.134
0
-34.709
-56.4269
220.845
0
281.134
0
-32.051
-56.4269
220.322
0
278.425
0
-29.9667
-56.4269
220.013
0
276.318
0
-27.2742
-56.4269
219.715
0
273.609
0
-24.871
-56.4269
219.563
0
271.201
0
-22.1626
-56.4269
219.507
0
268.492
0
-19.7554
-56.4269
219.57
0
266.084
0
-17.2029
-56.4269
219.745
0
266.084
0
-14.9506
-56.4269
219.899
0
266.084
0
-12.248
-56.4269
220.084
0
266.084
0
-9.84559
-56.4269
220.248
0
266.084
0
-7.14292
-56.4269
220.433
0
266.084
0
-4.74054
-56.4269
220.598
0
266.084
0
-2.18801
-56.4269
220.773
0
266.084
0
0.514664
-56.4269
220.958
0
266.084
0
2.61674
-56.4269
221.101
0
268.191
0
5.32439
-56.4269
221.187
0
270.9
0
7.7321
-56.4269
221.149
0
273.308
0
10.2863
-56.4269
221.002
0
275.867
0
12.6817
-56.4269
220.755
0
278.275
0
15.3625
-56.4269
220.366
0
278.275
0
17.5965
-56.4269
220.041
0
278.275
0
20.2773
-56.4269
219.651
0
278.275
0
22.6603
-56.4269
219.304
0
278.275
0
25.0432
-56.4269
218.958
0
278.275
0
27.5751
-56.4269
218.589
0
278.275
0
29.958
-56.4269
218.243
0
278.275
0
32.6388
-56.4269
217.853
0
275.566
0
34.8856
-56.4269
217.634
0
273.308
0
37.7404
-56.4269
217.469
0
270.449
0
40.1483
-56.4269
217.45
0
270.449
0
42.7067
-56.4269
217.43
0
270.449
0
45.1147
-56.4269
217.411
0
270.449
0
47.6731
-56.4269
217.391
0
270.449
0
50.081
-56.4269
217.372
0
270.449
0
52.6394
-56.4269
217.352
0
270.449
0
55.3483
-56.4269
217.331
0
270.449
0
57.4553
-56.4269
217.315
0
270.449
0
60.3147
-56.4269
217.292
0
270.449
0
62.5721
-56.4269
217.275
0
270.449
0
65.2811
-56.4269
217.253
0
270.449
0
67.5385
-56.4269
217.236
0
272.706
0
70.2445
-56.4269
217.108
0
275.415
0
72.4919
-56.4269
216.895
0
277.673
0
75.1766
-56.4269
216.533
0
280.382
0
77.5452
-56.4269
216.099
0
282.79
0
79.7467
-56.4269
215.599
0
282.79
0
81.9482
-56.4269
215.1
0
282.79
0
84.4432
-56.4269
214.533
0
282.79
0
86.9383
-56.4269
213.967
0
282.79
0
89.2865
-56.4269
213.434
0
282.79
0
91.9283
-56.4269
212.834
0
282.79
0
94.1298
-56.4269
212.334
0
282.79
0
96.9184
-56.4269
211.701
0
279.93
0
99.142
-56.4269
211.312
0
277.673
0
101.827
-56.4269
210.95
0
274.964
0
104.076
-56.4269
210.755
0
272.706
0
106.782
-56.4269
210.627
0
272.706
0
109.187
-56.4269
210.514
0
272.706
0
111.592
-56.4269
210.4
0
272.706
0
114.148
-56.4269
210.279
0
272.706
0
116.553
-56.4269
210.165
0
272.706
0
119.259
-56.4269
210.037
0
272.706
0
121.514
-56.4269
209.931
0
272.706
0
124.371
-56.4269
209.796
0
272.706
0
126.626
-56.4269
209.689
0
272.706
0
129.181
-56.4269
209.568
0
272.706
0
131.587
-56.4269
209.455
0
272.706
0
134.142
-56.4269
209.334
0
272.706
0
136.548
-56.4269
209.22
0
272.706
0
139.103
-56.4269
209.1
0
272.706
0
141.809
-56.4269
208.972
0
272.706
0
144.215
-56.4269
208.858
0
272.706
0
146.77
-56.4269
208.737
0
272.706
0
149.176
-56.4269
208.623
0
272.706
0
151.731
-56.4269
208.503
0
272.706
0
154.137
-56.4269
208.389
0
272.706
0
156.692
-56.4269
208.268
0
272.706
0
159.098
-56.4269
208.154
0
272.706
0
161.653
-56.4269
208.034
0
272.706
0
164.209
-56.4269
207.913
0
272.706
0
166.765
-56.4269
207.792
0
272.706
0
169.32
-56.4269
207.671
0
272.706
0
171.726
-56.4269
207.558
0
272.706
0
174.432
-56.4269
207.43
0
272.706
0
176.687
-56.4269
207.323
0
272.706
0
179.393
-56.4269
207.195
0
272.706
0
181.798
-56.4269
207.081
0
272.706
0
184.354
-56.4269
206.961
0
272.706
0
186.759
-56.4269
206.847
0
272.706
0
189.164
-56.4269
206.733
0
272.706
0
191.72
-56.4269
206.613
0
272.706
0
194.276
-56.4269
206.492
0
272.706
0
196.982
-56.4269
206.364
0
275.415
0
199.229
-56.4269
206.151
0
277.673
0
201.914
-56.4269
205.789
0
280.382
0
204.134
-56.4269
205.382
0
282.639
0
206.925
-56.4269
204.757
0
285.499
0
209.1
-56.4269
204.153
0
287.756
0
211.537
-56.4269
203.373
0
290.315
0
213.795
-56.4269
202.537
0
292.723
0
216.294
-56.4269
201.491
0
292.723
0
218.515
-56.4269
200.561
0
292.723
0
221.013
-56.4269
199.514
0
292.723
0
223.234
-56.4269
198.584
0
292.723
0
225.594
-56.4269
197.596
0
292.723
0
228.093
-56.4269
196.549
0
292.723
0
230.175
-56.4269
195.677
0
294.98
0
232.767
-56.4269
194.47
0
297.84
0
234.897
-56.4269
193.345
0
300.248
0
237.107
-56.4269
192.056
0
302.806
0
239.131
-56.4269
190.752
0
302.806
0
241.281
-56.4269
189.366
0
302.806
0
243.558
-56.4269
187.898
0
302.806
0
245.456
-56.4269
186.675
0
302.806
0
247.606
-56.4269
185.289
0
302.806
0
249.63
-56.4269
183.984
0
302.806
0
251.907
-56.4269
182.516
0
302.806
0
253.931
-56.4269
181.212
0
302.806
0
256.081
-56.4269
179.825
0
302.806
0
258.105
-56.4269
178.521
0
302.806
0
260.382
-56.4269
177.053
0
302.806
0
262.28
-56.4269
175.83
0
302.806
0
264.43
-56.4269
174.444
0
302.806
0
266.581
-56.4269
173.058
0
302.806
0
268.605
-56.4269
171.753
0
305.214
0
270.695
-56.4269
170.278
0
307.773
0
272.598
-56.4269
168.803
0
310.181
0
274.668
-56.4269
167.055
0
312.89
0
276.322
-56.4269
165.518
0
315.147
0
278.339
-56.4269
163.491
0
318.007
0
279.849
-56.4269
161.814
0
320.264
0
281.581
-56.4269
159.73
0
322.973
0
282.94
-56.4269
157.928
0
325.231
0
284.399
-56.4269
155.826
0
327.789
0
285.763
-56.4269
153.662
0
330.348
0
286.955
-56.4269
151.569
0
332.756
0
288.195
-56.4269
149.16
0
335.465
0
289.195
-56.4269
146.97
0
337.873
0
290.215
-56.4269
144.46
0
340.582
0
290.916
-56.4269
142.473
0
342.689
0
291.722
-56.4269
139.887
0
345.398
0
292.291
-56.4269
137.702
0
347.655
0
292.87
-56.4269
135.056
0
350.364
0
293.273
-56.4269
132.682
0
350.364
0
293.701
-56.4269
130.16
0
350.364
0
294.104
-56.4269
127.786
0
350.364
0
294.507
-56.4269
125.412
0
350.364
0
294.961
-56.4269
122.741
0
350.364
0
295.364
-56.4269
120.367
0
350.364
0
295.817
-56.4269
117.696
0
350.364
0
296.221
-56.4269
115.322
0
350.364
0
296.649
-56.4269
112.8
0
352.923
0
296.945
-56.4269
110.41
0
355.331
0
297.154
-56.4269
107.86
0
357.889
0
297.242
-56.4269
105.454
0
0
0
297.242
-56.4269
103.046
0
2.408
0
297.135
-56.4269
100.489
0
4.9665
0
296.914
-56.4269
97.9405
0
7.525
0
296.578
-56.4269
95.404
0
10.0835
0
296.157
-56.4269
93.0332
0
12.4915
0
295.571
-56.4269
90.3883
0
12.4915
0
295.083
-56.4269
88.1843
0
12.4915
0
294.497
-56.4269
85.5394
0
12.4915
0
293.976
-56.4269
83.1884
0
12.4915
0
293.423
-56.4269
80.6905
0
12.4915
0
292.902
-56.4269
78.3395
0
12.4915
0
292.348
-56.4269
75.8415
0
15.05
0
291.606
-56.4269
73.0801
0
17.9095
0
290.958
-56.4269
71.0752
0
20.0165
0
290.031
-56.4269
68.5299
0
22.7255
0
289.042
-56.4269
66.17
0
25.284
0
287.949
-56.4269
63.8566
0
27.8425
0
286.825
-56.4269
61.7274
0
27.8425
0
285.56
-56.4269
59.332
0
27.8425
0
284.505
-56.4269
57.3358
0
27.8425
0
283.24
-56.4269
54.9404
0
27.8425
0
282.115
-56.4269
52.8112
0
27.8425
0
280.92
-56.4269
50.5489
0
27.8425
0
279.726
-56.4269
48.2866
0
27.8425
0
278.601
-56.4269
46.1573
0
27.8425
0
277.406
-56.4269
43.895
0
27.8425
0
276.211
-56.4269
41.6327
0
27.8425
0
275.016
-56.4269
39.3704
0
27.8425
0
273.962
-56.4269
37.3742
0
30.1
0
272.528
-56.4269
34.9003
0
32.9595
0
271.3
-56.4269
33.0062
0
35.217
0
269.824
-56.4269
30.9159
0
37.7755
0
268.349
-56.4269
29.0126
0
40.1835
0
266.795
-56.4269
27.1729
0
42.5915
0
264.962
-56.4269
25.1786
0
42.5915
0
263.332
-56.4269
23.4058
0
42.5915
0
261.499
-56.4269
21.4115
0
42.5915
0
259.971
-56.4269
19.7495
0
42.5915
0
258.138
-56.4269
17.7551
0
42.5915
0
256.508
-56.4269
15.9824
0
42.5915
0
254.777
-56.4269
14.0988
0
42.5915
0
253.147
-56.4269
12.3261
0
44.9995
0
251.338
-56.4269
10.5169
0
47.558
0
249.561
-56.4269
8.89188
0
49.966
0
247.602
-56.4269
7.24614
0
52.5245
0
245.571
-56.4269
5.6895
0
55.083
0
243.597
-56.4269
4.31118
0
57.491
0
241.312
-56.4269
2.85528
0
60.2
0
239.223
-56.4269
1.65857
0
60.2
0
236.872
-56.4269
0.312263
0
60.2
0
234.913
-56.4269
-0.809656
0
60.2
0
232.562
-56.4269
-2.15596
0
60.2
0
230.473
-56.4269
-3.35267
0
60.2
0
228.253
-56.4269
-4.62418
0
60.2
0
226.163
-56.4269
-5.82089
0
62.608
0
224.025
-56.4269
-6.92876
0
65.016
0
221.569
-56.4269
-8.07294
0
67.725
0
219.341
-56.4269
-8.9857
0
70.133
0
217.076
-56.4269
-9.80403
0
72.541
0
214.779
-56.4269
-10.5265
0
74.949
0
212.163
-56.4269
-11.23
0
77.658
0
209.811
-56.4269
-11.7447
0
80.066
0
207.291
-56.4269
-12.186
0
80.066
0
205.067
-56.4269
-12.5755
0
80.066
0
202.547
-56.4269
-13.0169
0
80.066
0
200.027
-56.4269
-13.4582
0
80.066
0
197.507
-56.4269
-13.8996
0
80.066
0
194.838
-56.4269
-14.367
0
80.066
0
192.615
-56.4269
-14.7564
0
80.066
0
190.095
-56.4269
-15.1978
0
80.066
0
187.574
-56.4269
-15.6392
0
82.6245
0
184.888
-56.4269
-15.9869
0
85.3335
0
182.638
-56.4269
-16.1706
0
85.3335
0
180.088
-56.4269
-16.3787
0
85.3335
0
177.688
-56.4269
-16.5746
0
85.3335
0
175.288
-56.4269
-16.7705
0
85.3335
0
172.738
-56.4269
-16.9787
0
85.3335
0
170.188
-56.4269
-17.1868
0
85.3335
0
167.638
-56.4269
-17.395
0
85.3335
0
165.238
-56.4269
-17.5909
0
85.3335
0
162.538
-56.4269
-17.8113
0
85.3335
0
160.288
-56.4269
-17.995
0
85.3335
0
157.438
-56.4269
-18.2276
0
85.3335
0
155.188
-56.4269
-18.4113
0
85.3335
0
152.638
-56.4269
-18.6194
0
85.3335
0
150.238
-56.4269
-18.8153
0
85.3335
0
147.688
-56.4269
-19.0235
0
85.3335
0
145.288
-56.4269
-19.2194
0
85.3335
0
142.738
-56.4269
-19.4275
0
87.892
0
140.03
-56.4269
-19.5272
0
90.601
0
137.773
-56.4269
-19.5035
0
92.8585
0
135.067
-56.4269
-19.3684
0
95.5675
0
132.671
-56.4269
-19.1348
0
97.9755
0
129.988
-56.4269
-18.7589
0
97.9755
0
127.752
-56.4269
-18.4457
0
97.9755
0
125.218
-56.4269
-18.0907
0
97.9755
0
122.685
-56.4269
-17.7357
0
97.9755
0
120.151
-56.4269
-17.3807
0
97.9755
0
117.766
-56.4269
-17.0466
0
97.9755
0
115.382
-56.4269
-16.7125
0
97.9755
0
112.699
-56.4269
-16.3366
0
97.9755
0
110.314
-56.4269
-16.0025
0
97.9755
0
107.78
-56.4269
-15.6475
0
97.9755
0
105.396
-56.4269
-15.3134
0
97.9755
0
102.713
-56.4269
-14.9375
0
97.9755
0
100.477
-56.4269
-14.6243
0
97.9755
0
97.7943
-56.4269
-14.2484
0
97.9755
0
95.4096
-56.4269
-13.9143
0
97.9755
0
92.8758
-56.4269
-13.5594
0
97.9755
0
90.4911
-56.4269
-13.2252
0
97.9755
0
87.9574
-56.4269
-12.8703
0
97.9755
0
85.4236
-56.4269
-12.5153
0
97.9755
0
83.0389
-56.4269
-12.1812
0
97.9755
0
80.2071
-56.4269
-11.7844
0
97.9755
0
77.9714
-56.4269
-11.4712
0
97.9755
0
75.2886
-56.4269
-11.0953
0
97.9755
0
72.9039
-56.4269
-10.7612
0
97.9755
0
70.2211
-56.4269
-10.3853
0
97.9755
0
67.9854
-56.4269
-10.0721
0
97.9755
0
65.3026
-56.4269
-9.69623
0
97.9755
0
62.6198
-56.4269
-9.32036
0
97.9755
0
60.3842
-56.4269
-9.00713
0
97.9755
0
57.8504
-56.4269
-8.65214
0
97.9755
0
55.6148
-56.4269
-8.33891
0
97.9755
0
52.932
-56.4269
-7.96304
0
97.9755
0
50.5473
-56.4269
-7.62893
0
97.9755
0
48.0135
-56.4269
-7.27394
0
97.9755
0
45.6288
-56.4269
-6.93984
0
97.9755
0
42.946
-56.4269
-6.56396
0
97.9755
0
40.5613
-56.4269
-6.22985
0
97.9755
0
38.1766
-56.4269
-5.89575
0
97.9755
0
35.4938
-56.4269
-5.51987
0
97.9755
0
33.1091
-56.4269
-5.18577
0
97.9755
0
30.5753
-56.4269
-4.83078
0
97.9755
0
28.0416
-56.4269
-4.47579
0
97.9755
0
25.3588
-56.4269
-4.09991
0
97.9755
0
23.1231
-56.4269
-3.78669
0
97.9755
0
20.4403
-56.4269
-3.41082
0
97.9755
0
18.2047
-56.4269
-3.09759
0
97.9755
0
15.5219
-56.4269
-2.72172
0
97.9755
0
13.2862
-56.4269
-2.40849
0
97.9755
0
10.7524
-56.4269
-2.0535
0
97.9755
0
8.21869
-56.4269
-1.69851
0
97.9755
0
5.83398
-56.4269
-1.3644
0
97.9755
0
3.15119
-56.4269
-0.988529
0
97.9755
0
0.617433
-56.4269
-0.633539
0
97.9755
0
-1.91632
-56.4269
-0.278549
0
97.9755
0
-4.15198
-56.4269
0.0346779
0
97.9755
0
-6.68574
-56.4269
0.389668
0
97.9755
0
-9.21949
-56.4269
0.744658
0
97.9755
0
-11.7532
-56.4269
1.09965
0
97.9755
0
-14.436
-56.4269
1.47552
0
97.9755
0
-16.6717
-56.4269
1.78875
0
97.9755
0
-19.0564
-56.4269
2.12286
0
97.9755
0
-21.7392
-56.4269
2.49873
0
97.9755
0
-24.273
-56.4269
2.85372
0
97.9755
0
-26.6577
-56.4269
3.18783
0
97.9755
0
-29.0424
-56.4269
3.52194
0
97.9755
0
-31.4271
-56.4269
3.85604
0
97.9755
0
-34.1099
-56.4269
4.23192
0
97.9755
0
-36.3456
-56.4269
4.54514
0
97.9755
0
-38.8793
-56.4269
4.90013
0
97.9755
0
-41.5621
-56.4269
5.27601
0
97.9755
0
-43.9468
-56.4269
5.61011
0
97.9755
0
-46.4806
-56.4269
5.9651
0
97.9755
0
-48.8653
-56.4269
6.29921
0
97.9755
0
-51.5481
-56.4269
6.67509
0
97.9755
0
-53.7837
-56.4269
6.98831
0
97.9755
0
-56.4665
-56.4269
7.36418
0
97.9755
0
-58.8512
-56.4269
7.69829
0
97.9755
0
-61.534
-56.4269
8.07416
0
97.9755
0
-63.6206
-56.4269
8.36651
0
97.9755
0
-66.7506
-56.4269
8.80503
0
97.9755
0
-71.52
-56.4269
9.47324
0
97.9755
0
-73.9047
-56.4269
9.80735
0
97.9755
0
-76.5875
-56.4269
10.1832
0
97.9755
0
-81.506
-56.4269
10.8723
0
97.9755
0
-84.0397
-56.4269
11.2273
0
97.9755
0
-86.1263
-56.4269
11.5197
0
97.9755
0
-88.9582
-56.4269
11.9164
0
97.9755
0
-91.3429
-56.4269
12.2505
0
97.9755
0
-94.0257
-56.4269
12.6264
0
97.9755
0
-98.9442
-56.4269
13.3155
0
97.9755
0
-101.031
-56.4269
13.6078
0
97.9755
0
-103.415
-56.4269
13.9419
0
97.9755
0
-106.098
-56.4269
14.3178
0
97.9755
0
-108.483
-56.4269
14.6519
0
97.9755
0
-111.017
-56.4269
15.0069
0
97.9755
0
-113.401
-56.4269
15.341
0
97.9755
0
-116.084
-56.4269
15.7169
0
97.9755
0
-118.469
-56.4269
16.051
0
100.383
0
-121.134
-56.4269
16.5393
0
103.092
0
-123.332
-56.4269
17.0506
0
105.35
0
-125.8
-56.4269
17.7279
0
107.908
0
-128.234
-56.4269
18.5146
0
110.467
0
-130.349
-56.4269
19.304
0
112.724
0
-133.126
-56.4269
20.4668
0
115.734
0
-135.43
-56.4269
21.5777
0
118.293
0
-137.816
-56.4269
22.8617
0
121.002
0
-141.944
-56.4269
25.3423
0
121.002
0
-144.008
-56.4269
26.5826
0
121.002
0
-146.201
-56.4269
27.9004
0
121.002
0
-148.394
-56.4269
29.2182
0
121.002
0
-150.458
-56.4269
30.4584
0
121.002
0
-152.78
-56.4269
31.8538
0
121.002
0
-157.166
-56.4269
34.4894
0
126.119
0
-161.056
-56.4269
37.3282
0
130.935
0
-164.808
-56.4269
40.5823
0
135.901
0
-166.484
-56.4269
42.3116
0
138.309
0
-168.186
-56.4269
44.2221
0
140.868
0
-169.99
-56.4269
46.4402
0
143.727
0
-172.839
-56.4269
50.323
0
148.543
0
-175.431
-56.4269
54.5596
0
148.543
0
-176.766
-56.4269
56.7421
0
148.543
0
-178.102
-56.4269
58.9245
0
148.543
0
-180.693
-56.4269
63.1612
0
148.543
0
-181.871
-56.4269
65.0869
0
148.543
0
-183.207
-56.4269
67.2694
0
151.102
0
-184.588
-56.4269
69.7728
0
153.961
0
-186.769
-56.4269
74.2352
0
158.928
0
-188.446
-56.4269
78.5887
0
163.593
0
-189.084
-56.4269
80.7543
0
165.851
0
-189.746
-56.4269
83.3811
0
168.56
0
-190.224
-56.4269
85.7413
0
170.968
0
-190.625
-56.4269
88.2681
0
173.527
0
-190.88
-56.4269
90.5112
0
175.784
0
-191.079
-56.4269
93.2129
0
175.784
0
-191.245
-56.4269
95.4642
0
175.784
0
-191.433
-56.4269
98.0158
0
175.784
0
-191.621
-56.4269
100.567
0
175.784
0
-191.809
-56.4269
103.119
0
175.784
0
-192.008
-56.4269
105.821
0
175.784
0
-192.174
-56.4269
108.072
0
175.784
0
-192.373
-56.4269
110.774
0
178.493
0
-192.437
-56.4269
113.181
0
180.901
0
-192.394
-56.4269
115.89
0
183.61
0
-192.261
-56.4269
117.992
0
185.717
0
-191.992
-56.4269
120.688
0
188.426
0
-191.639
-56.4269
123.07
0
190.834
0
-191.158
-56.4269
125.583
0
190.834
0
-190.705
-56.4269
127.948
0
190.834
0
-190.224
-56.4269
130.461
0
190.834
0
-189.687
-56.4269
133.269
0
190.834
0
-189.263
-56.4269
135.487
0
190.834
0
-188.753
-56.4269
138.147
0
190.834
0
-188.329
-56.4269
140.365
0
190.834
0
-187.848
-56.4269
142.877
0
193.393
0
-187.29
-56.4269
145.22
0
195.801
0
-186.594
-56.4269
147.682
0
198.359
0
-185.835
-56.4269
149.967
0
200.767
0
-184.928
-56.4269
152.359
0
203.326
0
-183.796
-56.4269
154.985
0
206.185
0
-182.733
-56.4269
157.146
0
208.593
0
-181.365
-56.4269
159.657
0
211.453
0
-178.773
-56.4269
163.894
0
211.453
0
-177.595
-56.4269
165.82
0
211.453
0
-176.182
-56.4269
168.13
0
211.453
0
-174.847
-56.4269
170.313
0
211.453
0
-173.512
-56.4269
172.496
0
211.453
0
-170.999
-56.4269
176.604
0
211.453
0
-169.664
-56.4269
178.787
0
211.453
0
-168.407
-56.4269
180.841
0
213.861
0
-166.982
-56.4269
182.965
0
216.419
0
-165.552
-56.4269
184.903
0
218.827
0
-163.948
-56.4269
186.896
0
221.386
0
-162.257
-56.4269
188.816
0
223.944
0
-160.481
-56.4269
190.658
0
226.503
0
-158.734
-56.4269
192.316
0
228.911
0
-156.806
-56.4269
193.997
0
231.469
0
-154.922
-56.4269
195.497
0
231.469
0
-152.921
-56.4269
197.091
0
231.469
0
-150.92
-56.4269
198.685
0
231.469
0
-148.918
-56.4269
200.278
0
231.469
0
-147.034
-56.4269
201.779
0
233.877
0
-144.968
-56.4269
203.287
0
236.436
0
-142.71
-56.4269
204.785
0
239.145
0
-138.447
-56.4269
207.332
0
244.111
0
-136.281
-56.4269
208.383
0
246.519
0
-133.934
-56.4269
209.403
0
249.078
0
-129.576
-56.4269
211.069
0
253.743
0
-127.12
-56.4269
211.785
0
253.743
0
-124.808
-56.4269
212.459
0
253.743
0
-122.352
-56.4269
213.175
0
253.743
0
-119.896
-56.4269
213.891
0
253.743
0
-117.295
-56.4269
214.65
0
253.743
0
-115.128
-56.4269
215.282
0
253.743
0
-112.672
-56.4269
215.998
0
253.743
0
-110.215
-56.4269
216.714
0
256.302
0
-107.73
-56.4269
217.32
0
258.86
0
-105.515
-56.4269
217.756
0
261.118
0
-102.987
-56.4269
218.151
0
263.676
0
-100.444
-56.4269
218.433
0
266.235
0
-97.891
-56.4269
218.601
0
268.793
0
-95.1826
-56.4269
218.658
0
268.793
0
-92.9256
-56.4269
218.706
0
268.793
0
-90.2172
-56.4269
218.763
0
268.793
0
-87.9602
-56.4269
218.81
0
268.793
0
-85.2518
-56.4269
218.867
0
268.793
0
-82.8444
-56.4269
218.918
0
268.793
0
-80.2864
-56.4269
218.972
0
268.793
0
-78.0294
-56.4269
219.02
0
268.793
0
-75.321
-56.4269
219.077
0
268.793
0
-72.6126
-56.4269
219.134
0
268.793
0
-70.2052
-56.4269
219.184
0
268.793
0
-67.7977
-56.4269
219.235
0
268.793
0
-65.2398
-56.4269
219.289
0
268.793
0
-62.6819
-56.4269
219.343
0
268.793
0
-60.2744
-56.4269
219.394
0
268.793
0
-57.7165
-56.4269
219.448
0
268.793
0
-55.309
-56.4269
219.498
0
268.793
0
-52.7511
-56.4269
219.552
0
268.793
0
-50.3436
-56.4269
219.603
0
268.793
0
-47.7857
-56.4269
219.657
0
268.793
0
-45.3782
-56.4269
219.708
0
268.793
0
-42.8203
-56.4269
219.762
0
268.793
0
-40.1119
-56.4269
219.819
0
268.793
0
-37.8549
-56.4269
219.866
0
268.793
0
-34.996
-56.4269
219.926
0
268.793
0
-32.739
-56.4269
219.974
0
268.793
0
-30.0306
-56.4269
220.031
0
268.793
0
-27.7736
-56.4269
220.079
0
268.793
0
-25.0652
-56.4269
220.136
0
268.793
0
-22.8082
-56.4269
220.183
0
268.793
0
-20.0998
-56.4269
220.24
0
268.793
0
-17.3914
-56.4269
220.297
0
268.793
0
-15.1344
-56.4269
220.345
0
271.051
0
-12.5764
-56.4269
220.298
0
273.609
0
-10.1731
-56.4269
220.146
0
276.017
0
-7.62873
-56.4269
219.878
0
278.576
0
-5.09883
-56.4269
219.497
0
278.576
0
-2.56893
-56.4269
219.115
0
278.576
0
-0.336672
-56.4269
218.778
0
278.576
0
2.49086
-56.4269
218.352
0
278.576
0
4.72312
-56.4269
218.015
0
278.576
0
7.40183
-56.4269
217.612
0
278.576
0
9.78291
-56.4269
217.252
0
278.576
0
12.164
-56.4269
216.893
0
278.576
0
14.6939
-56.4269
216.512
0
278.576
0
17.075
-56.4269
216.153
0
276.168
0
19.7683
-56.4269
215.862
0
273.459
0
22.1719
-56.4269
215.716
0
271.051
0
24.73
-56.4269
215.67
0
271.051
0
26.9871
-56.4269
215.628
0
271.051
0
29.6956
-56.4269
215.579
0
271.051
0
31.9528
-56.4269
215.537
0
271.051
0
34.6613
-56.4269
215.487
0
271.051
0
37.3698
-56.4269
215.438
0
271.051
0
39.627
-56.4269
215.396
0
271.051
0
42.3355
-56.4269
215.347
0
271.051
0
44.7431
-56.4269
215.303
0
271.051
0
47.4517
-56.4269
215.253
0
271.051
0
49.5583
-56.4269
215.214
0
271.051
0
52.2668
-56.4269
215.165
0
271.051
0
54.6744
-56.4269
215.12
0
271.051
0
57.2325
-56.4269
215.074
0
271.051
0
59.7906
-56.4269
215.027
0
271.051
0
62.3487
-56.4269
214.98
0
271.051
0
65.0572
-56.4269
214.93
0
271.051
0
67.1638
-56.4269
214.891
0
271.051
0
69.8724
-56.4269
214.842
0
271.051
0
72.28
-56.4269
214.798
0
271.051
0
74.8381
-56.4269
214.751
0
271.051
0
77.0952
-56.4269
214.709
0
271.051
0
79.8037
-56.4269
214.66
0
271.051
0
82.0608
-56.4269
214.618
0
271.051
0
84.4684
-56.4269
214.574
0
271.051
0
86.876
-56.4269
214.53
0
271.051
0
89.4341
-56.4269
214.483
0
271.051
0
91.8417
-56.4269
214.439
0
271.051
0
94.3997
-56.4269
214.392
0
273.609
0
97.2536
-56.4269
214.212
0
276.469
0
99.3472
-56.4269
213.975
0
276.469
0
101.889
-56.4269
213.686
0
276.469
0
104.581
-56.4269
213.381
0
276.469
0
107.123
-56.4269
213.093
0
276.469
0
109.366
-56.4269
212.839
0
276.469
0
111.909
-56.4269
212.55
0
276.469
0
114.301
-56.4269
212.279
0
276.469
0
116.844
-56.4269
211.991
0
276.469
0
119.236
-56.4269
211.72
0
276.469
0
121.778
-56.4269
211.431
0
276.469
0
124.769
-56.4269
211.092
0
276.469
0
126.863
-56.4269
210.855
0
276.469
0
129.555
-56.4269
210.55
0
276.469
0
131.798
-56.4269
210.295
0
276.469
0
134.639
-56.4269
209.973
0
276.469
0
136.882
-56.4269
209.719
0
276.469
0
139.424
-56.4269
209.431
0
276.469
0
141.817
-56.4269
209.159
0
276.469
0
144.359
-56.4269
208.871
0
276.469
0
146.752
-56.4269
208.6
0
276.469
0
149.294
-56.4269
208.312
0
276.469
0
151.687
-56.4269
208.04
0
276.469
0
154.08
-56.4269
207.769
0
276.469
0
156.771
-56.4269
207.464
0
276.469
0
159.164
-56.4269
207.193
0
276.469
0
161.856
-56.4269
206.887
0
276.469
0
164.099
-56.4269
206.633
0
276.469
0
166.791
-56.4269
206.328
0
276.469
0
169.183
-56.4269
206.057
0
276.469
0
171.875
-56.4269
205.751
0
276.469
0
174.118
-56.4269
205.497
0
276.469
0
176.66
-56.4269
205.209
0
276.469
0
179.502
-56.4269
204.887
0
276.469
0
181.745
-56.4269
204.632
0
276.469
0
184.287
-56.4269
204.344
0
276.469
0
186.68
-56.4269
204.073
0
276.469
0
189.371
-56.4269
203.768
0
276.469
0
191.615
-56.4269
203.513
0
276.469
0
194.157
-56.4269
203.225
0
276.469
0
196.549
-56.4269
202.954
0
276.469
0
199.092
-56.4269
202.665
0
276.469
0
201.484
-56.4269
202.394
0
276.469
0
204.027
-56.4269
202.106
0
276.469
0
206.569
-56.4269
201.818
0
276.469
0
209.111
-56.4269
201.529
0
276.469
0
211.653
-56.4269
201.241
0
276.469
0
214.046
-56.4269
200.97
0
276.469
0
216.738
-56.4269
200.665
0
276.469
0
218.981
-56.4269
200.41
0
276.469
0
221.673
-56.4269
200.105
0
279.178
0
224.05
-56.4269
199.721
0
281.586
0
226.556
-56.4269
199.207
0
284.144
0
228.891
-56.4269
198.619
0
286.552
0
231.344
-56.4269
197.89
0
289.111
0
233.619
-56.4269
197.102
0
291.519
0
235.999
-56.4269
196.163
0
294.077
0
238.61
-56.4269
194.997
0
296.937
0
240.622
-56.4269
193.974
0
299.194
0
243.119
-56.4269
192.579
0
302.054
0
245.032
-56.4269
191.381
0
304.311
0
247.145
-56.4269
189.939
0
304.311
0
249.134
-56.4269
188.582
0
304.311
0
251.248
-56.4269
187.139
0
304.311
0
253.361
-56.4269
185.697
0
304.311
0
255.35
-56.4269
184.34
0
304.311
0
257.587
-56.4269
182.813
0
304.311
0
259.452
-56.4269
181.54
0
304.311
0
261.69
-56.4269
180.013
0
307.02
0
263.612
-56.4269
178.563
0
309.428
0
265.821
-56.4269
176.747
0
312.288
0
267.491
-56.4269
175.228
0
314.545
0
269.315
-56.4269
173.434
0
317.104
0
270.954
-56.4269
171.67
0
319.512
0
272.615
-56.4269
169.724
0
322.07
0
274.095
-56.4269
167.824
0
324.478
0
275.494
-56.4269
165.865
0
326.886
0
276.974
-56.4269
163.596
0
329.595
0
278.193
-56.4269
161.519
0
332.003
0
279.465
-56.4269
159.127
0
334.712
0
280.493
-56.4269
156.95
0
337.12
0
281.488
-56.4269
154.592
0
337.12
0
282.366
-56.4269
152.512
0
337.12
0
283.477
-56.4269
149.878
0
337.12
0
284.355
-56.4269
147.798
0
337.12
0
285.35
-56.4269
145.441
0
337.12
0
286.345
-56.4269
143.084
0
337.12
0
287.281
-56.4269
140.865
0
337.12
0
288.276
-56.4269
138.508
0
339.679
0
289.06
-56.4269
136.391
0
341.936
0
289.9
-56.4269
133.815
0
344.645
0
290.497
-56.4269
131.639
0
346.903
0
291.111
-56.4269
129
0
349.612
0
291.545
-56.4269
126.632
0
352.02
0
291.901
-56.4269
124.098
0
354.578
0
292.128
-56.4269
121.701
0
356.986
0
292.271
-56.4269
118.995
0
356.986
0
292.389
-56.4269
116.741
0
356.986
0
292.532
-56.4269
114.036
0
356.986
0
292.666
-56.4269
111.481
0
356.986
0
292.785
-56.4269
109.226
0
356.986
0
292.927
-56.4269
106.521
0
356.986
0
293.054
-56.4269
104.116
0
356.986
0
293.196
-56.4269
101.411
0
356.986
0
293.315
-56.4269
99.1568
0
356.986
0
293.457
-56.4269
96.4515
0
356.986
0
293.576
-56.4269
94.1972
0
356.986
0
293.719
-56.4269
91.4919
0
359.695
0
293.731
-56.4269
89.2344
0
0
0
293.731
-56.4269
86.6759
0
2.5585
0
293.616
-56.4269
84.12
0
5.117
0
293.388
-56.4269
81.5717
0
7.6755
0
293.047
-56.4269
79.0361
0
10.234
0
292.619
-56.4269
76.6664
0
12.642
0
292.026
-56.4269
74.0231
0
15.351
0
291.388
-56.4269
71.701
0
15.351
0
290.711
-56.4269
69.2338
0
15.351
0
290.074
-56.4269
66.9117
0
15.351
0
289.356
-56.4269
64.2994
0
15.351
0
288.719
-56.4269
61.9773
0
15.351
0
288.081
-56.4269
59.6552
0
15.351
0
287.444
-56.4269
57.3331
0
15.351
0
286.767
-56.4269
54.8659
0
15.351
0
286.05
-56.4269
52.2535
0
15.351
0
285.452
-56.4269
50.0766
0
15.351
0
284.695
-56.4269
47.3191
0
15.351
0
284.097
-56.4269
45.1421
0
17.6085
0
283.278
-56.4269
42.5601
0
20.3175
0
282.494
-56.4269
40.443
0
22.575
0
281.396
-56.4269
37.8026
0
25.4345
0
280.427
-56.4269
35.7639
0
27.692
0
279.168
-56.4269
33.3652
0
30.401
0
277.949
-56.4269
31.2883
0
32.809
0
276.645
-56.4269
29.2644
0
35.217
0
274.996
-56.4269
26.9283
0
38.0765
0
273.696
-56.4269
25.2697
0
38.0765
0
271.933
-56.4269
23.0187
0
38.0765
0
270.54
-56.4269
21.2416
0
38.0765
0
268.777
-56.4269
18.9907
0
38.0765
0
267.478
-56.4269
17.3321
0
38.0765
0
265.807
-56.4269
15.1996
0
38.0765
0
264.415
-56.4269
13.4225
0
38.0765
0
262.744
-56.4269
11.29
0
40.7855
0
261.171
-56.4269
9.46676
0
43.1935
0
259.42
-56.4269
7.60149
0
45.752
0
257.587
-56.4269
5.81626
0
48.3105
0
255.789
-56.4269
4.21472
0
50.7185
0
253.809
-56.4269
2.59485
0
53.277
0
251.878
-56.4269
1.15499
0
55.685
0
249.517
-56.4269
-0.457028
0
58.5445
0
247.591
-56.4269
-1.63507
0
60.802
0
245.226
-56.4269
-2.9566
0
63.511
0
243.206
-56.4269
-3.96351
0
63.511
0
240.916
-56.4269
-5.10466
0
63.511
0
238.76
-56.4269
-6.17869
0
63.511
0
236.471
-56.4269
-7.31985
0
63.511
0
234.046
-56.4269
-8.52814
0
63.511
0
231.891
-56.4269
-9.60217
0
63.511
0
229.466
-56.4269
-10.8105
0
66.22
0
227.4
-56.4269
-11.7207
0
68.4775
0
224.74
-56.4269
-12.7698
0
71.337
0
222.601
-56.4269
-13.4922
0
73.5945
0
220.291
-56.4269
-14.1723
0
76.0025
0
217.955
-56.4269
-14.7547
0
78.4105
0
215.449
-56.4269
-15.2687
0
80.969
0
213.07
-56.4269
-15.6467
0
83.377
0
210.529
-56.4269
-15.9418
0
85.9355
0
207.827
-56.4269
-16.1338
0
85.9355
0
205.575
-56.4269
-16.2938
0
85.9355
0
202.873
-56.4269
-16.4858
0
85.9355
0
200.471
-56.4269
-16.6565
0
85.9355
0
197.769
-56.4269
-16.8485
0
85.9355
0
195.517
-56.4269
-17.0085
0
85.9355
0
192.815
-56.4269
-17.2006
0
85.9355
0
190.563
-56.4269
-17.3606
0
85.9355
0
188.011
-56.4269
-17.5419
0
85.9355
0
185.159
-56.4269
-17.7446
0
88.795
0
183.052
-56.4269
-17.7889
0
90.902
0
180.343
-56.4269
-17.7463
0
90.902
0
177.936
-56.4269
-17.7084
0
90.902
0
175.227
-56.4269
-17.6657
0
90.902
0
172.819
-56.4269
-17.6278
0
90.902
0
170.261
-56.4269
-17.5875
0
90.902
0
167.853
-56.4269
-17.5496
0
90.902
0
165.295
-56.4269
-17.5093
0
90.902
0
162.737
-56.4269
-17.4691
0
90.902
0
160.329
-56.4269
-17.4312
0
90.902
0
157.922
-56.4269
-17.3933
0
90.902
0
155.363
-56.4269
-17.353
0
90.902
0
152.655
-56.4269
-17.3103
0
90.902
0
150.398
-56.4269
-17.2748
0
90.902
0
147.538
-56.4269
-17.2298
0
90.902
0
145.432
-56.4269
-17.1966
0
90.902
0
142.723
-56.4269
-17.154
0
90.902
0
140.315
-56.4269
-17.1161
0
90.902
0
137.757
-56.4269
-17.0758
0
90.902
0
135.349
-56.4269
-17.0379
0
90.902
0
132.791
-56.4269
-16.9976
0
90.902
0
130.233
-56.4269
-16.9573
0
90.902
0
127.825
-56.4269
-16.9194
0
90.902
0
125.117
-56.4269
-16.8768
0
90.902
0
122.709
-56.4269
-16.8389
0
90.902
0
120
-56.4269
-16.7962
0
90.902
0
117.743
-56.4269
-16.7607
0
90.902
0
115.035
-56.4269
-16.718
0
90.902
0
112.777
-56.4269
-16.6825
0
90.902
0
110.069
-56.4269
-16.6399
0
93.611
0
107.816
-56.4269
-16.4977
0
95.8685
0
105.271
-56.4269
-16.2361
0
98.427
0
102.74
-56.4269
-15.8611
0
100.985
0
100.228
-56.4269
-15.3736
0
103.544
0
97.7407
-56.4269
-14.7744
0
103.544
0
95.3997
-56.4269
-14.2105
0
103.544
0
92.766
-56.4269
-13.5761
0
103.544
0
90.4249
-56.4269
-13.0121
0
103.544
0
87.9376
-56.4269
-12.4129
0
103.544
0
85.5966
-56.4269
-11.849
0
101.136
0
83.0862
-56.4269
-11.3549
0
98.5775
0
80.5564
-56.4269
-10.9733
0
96.019
0
78.012
-56.4269
-10.705
0
93.4605
0
75.1577
-56.4269
-10.5324
0
93.4605
0
73.0545
-56.4269
-10.4052
0
93.4605
0
70.3505
-56.4269
-10.2417
0
93.4605
0
67.9469
-56.4269
-10.0963
0
93.4605
0
65.393
-56.4269
-9.94192
0
93.4605
0
63.1396
-56.4269
-9.80565
0
93.4605
0
60.2854
-56.4269
-9.63305
0
93.4605
0
57.8817
-56.4269
-9.4877
0
93.4605
0
55.3279
-56.4269
-9.33327
0
93.4605
0
52.9243
-56.4269
-9.18792
0
93.4605
0
50.2202
-56.4269
-9.02441
0
93.4605
0
47.6664
-56.4269
-8.86998
0
93.4605
0
42.709
-56.4269
-8.5702
0
93.4605
0
40.4556
-56.4269
-8.43393
0
93.4605
0
37.6013
-56.4269
-8.26133
0
93.4605
0
35.3479
-56.4269
-8.12507
0
93.4605
0
32.4936
-56.4269
-7.95247
0
93.4605
0
27.5362
-56.4269
-7.65269
0
93.4605
0
25.2828
-56.4269
-7.51642
0
93.4605
0
22.5787
-56.4269
-7.35291
0
93.4605
0
20.0249
-56.4269
-7.19847
0
93.4605
0
15.2177
-56.4269
-6.90778
0
93.4605
0
12.9643
-56.4269
-6.77151
0
93.4605
0
10.2602
-56.4269
-6.608
0
93.4605
0
7.85663
-56.4269
-6.46265
0
93.4605
0
5.30279
-56.4269
-6.30822
0
93.4605
0
2.89918
-56.4269
-6.16287
0
93.4605
0
0.345349
-56.4269
-6.00844
0
93.4605
0
-2.05826
-56.4269
-5.86309
0
93.4605
0
-4.6121
-56.4269
-5.70866
0
93.4605
0
-7.46638
-56.4269
-5.53606
0
93.4605
0
-9.56954
-56.4269
-5.40888
0
93.4605
0
-12.1234
-56.4269
-5.25445
0
93.4605
0
-14.527
-56.4269
-5.1091
0
93.4605
0
-17.231
-56.4269
-4.94559
0
93.4605
0
-19.6347
-56.4269
-4.80024
0
93.4605
0
-22.1885
-56.4269
-4.64581
0
93.4605
0
-24.5921
-56.4269
-4.50046
0
93.4605
0
-27.2962
-56.4269
-4.33694
0
93.4605
0
-29.6998
-56.4269
-4.1916
0
93.4605
0
-32.2536
-56.4269
-4.03716
0
93.4605
0
-34.6572
-56.4269
-3.89182
0
93.4605
0
-37.0608
-56.4269
-3.74647
0
93.4605
0
-39.7649
-56.4269
-3.58295
0
93.4605
0
-42.1685
-56.4269
-3.4376
0
93.4605
0
-44.7223
-56.4269
-3.28317
0
93.4605
0
-47.1259
-56.4269
-3.13782
0
93.4605
0
-49.6798
-56.4269
-2.98339
0
93.4605
0
-52.2336
-56.4269
-2.82896
0
93.4605
0
-54.7874
-56.4269
-2.67453
0
93.4605
0
-57.1911
-56.4269
-2.52918
0
93.4605
0
-59.7449
-56.4269
-2.37475
0
93.4605
0
-62.1485
-56.4269
-2.2294
0
95.8685
0
-64.5439
-56.4269
-1.98319
0
98.2765
0
-67.3736
-56.4269
-1.57157
0
101.136
0
-69.5886
-56.4269
-1.13556
0
103.393
0
-72.0775
-56.4269
-0.542915
0
105.952
0
-74.5375
-56.4269
0.160242
0
108.51
0
-76.9636
-56.4269
0.972511
0
108.51
0
-79.2471
-56.4269
1.737
0
108.51
0
-81.8159
-56.4269
2.59705
0
108.51
0
-83.9566
-56.4269
3.31375
0
108.51
0
-86.3828
-56.4269
4.12602
0
108.51
0
-89.0943
-56.4269
5.03385
0
108.51
0
-93.5184
-56.4269
6.51505
0
108.51
0
-95.8019
-56.4269
7.27953
0
108.51
0
-98.228
-56.4269
8.0918
0
108.51
0
-100.511
-56.4269
8.85629
0
108.51
0
-103.08
-56.4269
9.71634
0
108.51
0
-105.506
-56.4269
10.5286
0
108.51
0
-107.933
-56.4269
11.3409
0
111.069
0
-110.18
-56.4269
12.2065
0
113.477
0
-112.664
-56.4269
13.2857
0
116.186
0
-114.825
-56.4269
14.3484
0
118.594
0
-117.072
-56.4269
15.5729
0
121.152
0
-119.39
-56.4269
16.9743
0
123.861
0
-123.389
-56.4269
19.6577
0
123.861
0
-125.514
-56.4269
21.0832
0
123.861
0
-127.638
-56.4269
22.5088
0
123.861
0
-131.762
-56.4269
25.2761
0
123.861
0
-133.762
-56.4269
26.6178
0
123.861
0
-136.011
-56.4269
28.1272
0
123.861
0
-140.011
-56.4269
30.8106
0
123.861
0
-142.26
-56.4269
32.32
0
123.861
0
-146.384
-56.4269
35.0873
0
128.828
0
-148.143
-56.4269
36.5027
0
131.085
0
-150.298
-56.4269
38.382
0
133.945
0
-153.874
-56.4269
41.8285
0
138.911
0
-157.138
-56.4269
45.5718
0
143.878
0
-158.735
-56.4269
47.76
0
143.878
0
-161.574
-56.4269
51.6502
0
143.878
0
-163.082
-56.4269
53.7169
0
143.878
0
-166.01
-56.4269
57.7286
0
143.878
0
-167.519
-56.4269
59.7953
0
146.437
0
-170.264
-56.4269
63.9337
0
151.403
0
-171.417
-56.4269
66.048
0
153.811
0
-172.546
-56.4269
68.3438
0
156.37
0
-173.632
-56.4269
70.8257
0
159.079
0
-175.19
-56.4269
74.9024
0
163.443
0
-175.92
-56.4269
77.3549
0
166.002
0
-176.538
-56.4269
79.8374
0
168.56
0
-177.016
-56.4269
82.1975
0
170.968
0
-177.418
-56.4269
84.7243
0
173.527
0
-177.689
-56.4269
87.117
0
173.527
0
-177.978
-56.4269
89.6592
0
173.527
0
-178.249
-56.4269
92.0518
0
173.527
0
-178.538
-56.4269
94.594
0
173.527
0
-178.809
-56.4269
96.9866
0
173.527
0
-179.097
-56.4269
99.5288
0
173.527
0
-179.42
-56.4269
102.37
0
176.386
0
-179.562
-56.4269
104.623
0
178.644
0
-179.623
-56.4269
107.181
0
181.202
0
-179.575
-56.4269
109.438
0
183.46
0
-179.412
-56.4269
112.142
0
186.169
0
-179.169
-56.4269
114.386
0
188.426
0
-178.772
-56.4269
117.066
0
191.135
0
-178.307
-56.4269
119.429
0
193.543
0
-177.708
-56.4269
121.916
0
193.543
0
-177.144
-56.4269
124.257
0
193.543
0
-176.545
-56.4269
126.745
0
193.543
0
-175.946
-56.4269
129.232
0
193.543
0
-175.347
-56.4269
131.719
0
193.543
0
-174.748
-56.4269
134.207
0
193.543
0
-174.184
-56.4269
136.548
0
193.543
0
-173.585
-56.4269
139.035
0
196.102
0
-172.875
-56.4269
141.493
0
198.66
0
-172.057
-56.4269
143.917
0
201.219
0
-171.185
-56.4269
146.162
0
203.627
0
-170.099
-56.4269
148.644
0
206.336
0
-168.764
-56.4269
151.342
0
206.336
0
-166.628
-56.4269
155.658
0
206.336
0
-165.559
-56.4269
157.816
0
206.336
0
-164.358
-56.4269
160.244
0
206.336
0
-162.088
-56.4269
164.829
0
206.336
0
-159.951
-56.4269
169.146
0
206.336
0
-158.749
-56.4269
171.573
0
209.045
0
-156.411
-56.4269
175.784
0
213.861
0
-155.069
-56.4269
177.783
0
216.269
0
-153.467
-56.4269
179.968
0
218.978
0
-150.438
-56.4269
183.712
0
223.794
0
-148.667
-56.4269
185.558
0
226.352
0
-146.816
-56.4269
187.324
0
228.911
0
-145.001
-56.4269
188.907
0
231.319
0
-143.003
-56.4269
190.506
0
233.877
0
-141.058
-56.4269
191.926
0
236.285
0
-138.805
-56.4269
193.429
0
236.285
0
-136.677
-56.4269
194.849
0
236.285
0
-132.546
-56.4269
197.606
0
236.285
0
-130.543
-56.4269
198.943
0
236.285
0
-128.414
-56.4269
200.363
0
236.285
0
-126.286
-56.4269
201.783
0
238.844
0
-122.036
-56.4269
204.352
0
243.81
0
-119.74
-56.4269
205.482
0
246.369
0
-115.19
-56.4269
207.472
0
246.369
0
-112.708
-56.4269
208.558
0
246.369
0
-108.158
-56.4269
210.549
0
246.369
0
-103.746
-56.4269
212.48
0
246.369
0
-101.402
-56.4269
213.505
0
246.369
0
-96.8523
-56.4269
215.496
0
251.335
0
-94.571
-56.4269
216.267
0
253.743
0
-92.2592
-56.4269
216.941
0
256.151
0
-89.7751
-56.4269
217.553
0
258.71
0
-87.1185
-56.4269
218.084
0
261.419
0
-82.3565
-56.4269
218.802
0
266.235
0
-79.9537
-56.4269
218.96
0
268.643
0
-77.3959
-56.4269
219.021
0
268.643
0
-74.9885
-56.4269
219.078
0
268.643
0
-72.2803
-56.4269
219.142
0
268.643
0
-70.0234
-56.4269
219.196
0
268.643
0
-67.1647
-56.4269
219.263
0
268.643
0
-64.9079
-56.4269
219.317
0
268.643
0
-62.3501
-56.4269
219.377
0
268.643
0
-59.6419
-56.4269
219.442
0
268.643
0
-57.385
-56.4269
219.495
0
268.643
0
-54.6768
-56.4269
219.559
0
268.643
0
-52.4199
-56.4269
219.613
0
268.643
0
-49.7116
-56.4269
219.677
0
268.643
0
-47.4548
-56.4269
219.73
0
268.643
0
-44.5961
-56.4269
219.798
0
268.643
0
-42.3392
-56.4269
219.852
0
268.643
0
-39.7814
-56.4269
219.912
0
268.643
0
-37.3741
-56.4269
219.969
0
268.643
0
-34.6659
-56.4269
220.034
0
268.643
0
-32.2585
-56.4269
220.091
0
268.643
0
-29.7008
-56.4269
220.151
0
268.643
0
-26.9925
-56.4269
220.215
0
268.643
0
-24.8861
-56.4269
220.265
0
270.75
0
-22.0269
-56.4269
220.228
0
273.609
0
-19.6236
-56.4269
220.076
0
273.609
0
-17.0702
-56.4269
219.915
0
273.609
0
-14.8172
-56.4269
219.773
0
273.609
0
-11.9634
-56.4269
219.593
0
273.609
0
-7.00672
-56.4269
219.28
0
273.609
0
-4.6035
-56.4269
219.129
0
273.609
0
-2.05007
-56.4269
218.968
0
273.609
0
0.353154
-56.4269
218.816
0
273.609
0
2.90658
-56.4269
218.655
0
273.609
0
5.46001
-56.4269
218.494
0
273.609
0
7.86323
-56.4269
218.342
0
273.609
0
10.7171
-56.4269
218.162
0
273.609
0
15.6737
-56.4269
217.85
0
273.609
0
20.7806
-56.4269
217.528
0
273.609
0
25.7372
-56.4269
217.215
0
273.609
0
30.5437
-56.4269
216.912
0
273.609
0
35.5003
-56.4269
216.599
0
273.609
0
38.2039
-56.4269
216.429
0
273.609
0
43.0104
-56.4269
216.126
0
273.609
0
45.4136
-56.4269
215.974
0
273.609
0
47.967
-56.4269
215.813
0
273.609
0
50.3703
-56.4269
215.661
0
273.609
0
53.0739
-56.4269
215.491
0
273.609
0
55.4771
-56.4269
215.339
0
273.609
0
58.1807
-56.4269
215.169
0
273.609
0
62.9872
-56.4269
214.866
0
273.609
0
65.6908
-56.4269
214.695
0
273.609
0
70.6475
-56.4269
214.382
0
273.609
0
75.7543
-56.4269
214.06
0
273.609
0
80.711
-56.4269
213.748
0
273.609
0
85.217
-56.4269
213.463
0
273.609
0
87.7704
-56.4269
213.302
0
273.609
0
90.1737
-56.4269
213.151
0
273.609
0
92.8773
-56.4269
212.98
0
273.609
0
95.2805
-56.4269
212.829
0
273.609
0
97.8339
-56.4269
212.668
0
273.609
0
100.087
-56.4269
212.525
0
273.609
0
102.64
-56.4269
212.364
0
273.609
0
104.893
-56.4269
212.222
0
273.609
0
107.597
-56.4269
212.052
0
273.609
0
109.85
-56.4269
211.91
0
273.609
0
112.554
-56.4269
211.739
0
273.609
0
115.107
-56.4269
211.578
0
273.609
0
117.51
-56.4269
211.426
0
273.609
0
120.064
-56.4269
211.265
0
273.609
0
122.617
-56.4269
211.104
0
273.609
0
125.02
-56.4269
210.953
0
273.609
0
127.424
-56.4269
210.801
0
273.609
0
129.977
-56.4269
210.64
0
273.609
0
132.53
-56.4269
210.479
0
273.609
0
135.234
-56.4269
210.309
0
273.609
0
137.487
-56.4269
210.166
0
273.609
0
140.041
-56.4269
210.005
0
273.609
0
142.594
-56.4269
209.844
0
273.609
0
144.997
-56.4269
209.693
0
273.609
0
147.4
-56.4269
209.541
0
273.609
0
150.104
-56.4269
209.371
0
273.609
0
152.657
-56.4269
209.21
0
273.609
0
155.061
-56.4269
209.058
0
273.609
0
157.764
-56.4269
208.887
0
273.609
0
160.017
-56.4269
208.745
0
273.609
0
162.571
-56.4269
208.584
0
273.609
0
164.974
-56.4269
208.433
0
273.609
0
167.678
-56.4269
208.262
0
273.609
0
170.081
-56.4269
208.111
0
273.609
0
172.634
-56.4269
207.949
0
273.609
0
175.188
-56.4269
207.788
0
273.609
0
177.591
-56.4269
207.637
0
273.609
0
180.144
-56.4269
207.476
0
273.609
0
182.548
-56.4269
207.324
0
273.609
0
185.101
-56.4269
207.163
0
273.609
0
187.504
-56.4269
207.012
0
273.609
0
190.208
-56.4269
206.841
0
273.609
0
192.461
-56.4269
206.699
0
273.609
0
195.165
-56.4269
206.528
0
273.609
0
197.568
-56.4269
206.377
0
273.609
0
199.971
-56.4269
206.225
0
273.609
0
202.524
-56.4269
206.064
0
273.609
0
205.078
-56.4269
205.903
0
273.609
0
207.631
-56.4269
205.742
0
273.609
0
210.035
-56.4269
205.59
0
273.609
0
212.738
-56.4269
205.42
0
273.609
0
214.991
-56.4269
205.278
0
273.609
0
217.695
-56.4269
205.107
0
273.609
0
220.098
-56.4269
204.956
0
276.017
0
222.792
-56.4269
204.672
0
278.726
0
225.024
-56.4269
204.329
0
280.984
0
227.535
-56.4269
203.842
0
283.542
0
229.876
-56.4269
203.278
0
285.95
0
232.336
-56.4269
202.575
0
288.509
0
234.905
-56.4269
201.715
0
291.218
0
237.01
-56.4269
200.898
0
293.475
0
239.632
-56.4269
199.759
0
296.335
0
241.925
-56.4269
198.624
0
298.893
0
244.297
-56.4269
197.315
0
301.602
0
246.22
-56.4269
196.132
0
303.86
0
248.344
-56.4269
194.706
0
306.418
0
250.282
-56.4269
193.277
0
308.826
0
252.275
-56.4269
191.673
0
311.385
0
254.082
-56.4269
190.081
0
311.385
0
256.002
-56.4269
188.389
0
311.385
0
258.034
-56.4269
186.598
0
311.385
0
259.841
-56.4269
185.006
0
311.385
0
261.761
-56.4269
183.315
0
311.385
0
263.567
-56.4269
181.723
0
313.793
0
265.414
-56.4269
179.952
0
316.351
0
267.076
-56.4269
178.21
0
318.759
0
268.961
-56.4269
176.06
0
321.619
0
270.363
-56.4269
174.29
0
323.876
0
271.871
-56.4269
172.224
0
326.435
0
273.203
-56.4269
170.217
0
328.843
0
274.449
-56.4269
168.156
0
331.251
0
275.824
-56.4269
165.649
0
334.11
0
276.744
-56.4269
163.754
0
336.217
0
277.836
-56.4269
161.275
0
338.926
0
278.702
-56.4269
159.028
0
341.334
0
279.521
-56.4269
156.604
0
341.334
0
280.34
-56.4269
154.18
0
341.334
0
281.159
-56.4269
151.756
0
341.334
0
281.929
-56.4269
149.475
0
341.334
0
282.748
-56.4269
147.051
0
343.893
0
283.416
-56.4269
144.738
0
346.301
0
284.022
-56.4269
142.252
0
348.859
0
284.546
-56.4269
139.594
0
351.568
0
284.877
-56.4269
137.361
0
353.826
0
285.152
-56.4269
134.817
0
356.384
0
285.304
-56.4269
132.414
0
358.792
0
285.361
-56.4269
129.705
0
0
0
285.361
-56.4269
127.297
0
2.408
0
285.253
-56.4269
124.741
0
2.408
0
285.152
-56.4269
122.335
0
2.408
0
285.045
-56.4269
119.779
0
2.408
0
284.944
-56.4269
117.373
0
2.408
0
284.836
-56.4269
114.817
0
2.408
0
284.722
-56.4269
112.11
0
2.408
0
284.621
-56.4269
109.705
0
2.408
0
284.514
-56.4269
107.148
0
2.408
0
284.413
-56.4269
104.742
0
2.408
0
284.299
-56.4269
102.036
0
2.408
0
284.204
-56.4269
99.7803
0
2.408
0
284.096
-56.4269
97.2241
0
2.408
0
283.995
-56.4269
94.8182
0
2.408
0
283.881
-56.4269
92.1116
0
5.117
0
283.667
-56.4269
89.7132
0
7.525
0
283.332
-56.4269
87.1767
0
10.0835
0
282.857
-56.4269
84.5095
0
12.7925
0
282.357
-56.4269
82.3081
0
15.05
0
281.654
-56.4269
79.692
0
17.759
0
280.965
-56.4269
77.5421
0
20.0165
0
280.09
-56.4269
75.1381
0
22.575
0
279.165
-56.4269
72.9146
0
22.575
0
278.125
-56.4269
70.4132
0
22.575
0
277.201
-56.4269
68.1897
0
22.575
0
276.161
-56.4269
65.6883
0
22.575
0
275.294
-56.4269
63.6038
0
22.575
0
274.312
-56.4269
61.2413
0
22.575
0
273.388
-56.4269
59.0178
0
22.575
0
272.405
-56.4269
56.6553
0
22.575
0
271.366
-56.4269
54.1539
0
22.575
0
270.499
-56.4269
52.0694
0
22.575
0
269.517
-56.4269
49.7069
0
22.575
0
268.535
-56.4269
47.3445
0
22.575
0
267.495
-56.4269
44.843
0
22.575
0
266.628
-56.4269
42.7585
0
24.8325
0
265.553
-56.4269
40.4366
0
27.391
0
264.446
-56.4269
38.2985
0
29.799
0
263.174
-56.4269
36.0783
0
32.3575
0
261.805
-56.4269
33.9171
0
34.916
0
260.427
-56.4269
31.9426
0
34.916
0
258.79
-56.4269
29.5978
0
34.916
0
257.498
-56.4269
27.7467
0
34.916
0
256.033
-56.4269
25.6487
0
34.916
0
254.655
-56.4269
23.6742
0
34.916
0
253.104
-56.4269
21.4528
0
34.916
0
251.812
-56.4269
19.6017
0
34.916
0
250.262
-56.4269
17.3803
0
34.916
0
248.883
-56.4269
15.4058
0
34.916
0
247.419
-56.4269
13.3078
0
34.916
0
246.041
-56.4269
11.3333
0
34.916
0
244.576
-56.4269
9.23536
0
34.916
0
243.198
-56.4269
7.26082
0
37.324
0
241.738
-56.4269
5.34593
0
39.732
0
239.91
-56.4269
3.14685
0
42.5915
0
238.383
-56.4269
1.48489
0
44.849
0
236.472
-56.4269
-0.435709
0
47.558
0
234.695
-56.4269
-2.06073
0
49.966
0
232.736
-56.4269
-3.70647
0
52.5245
0
230.825
-56.4269
-5.17155
0
54.9325
0
228.731
-56.4269
-6.64151
0
57.491
0
226.7
-56.4269
-7.93565
0
59.899
0
224.487
-56.4269
-9.2188
0
62.4575
0
222.085
-56.4269
-10.4715
0
62.4575
0
220.083
-56.4269
-11.5153
0
62.4575
0
217.681
-56.4269
-12.768
0
62.4575
0
215.546
-56.4269
-13.8815
0
62.4575
0
213.278
-56.4269
-15.0645
0
62.4575
0
211.142
-56.4269
-16.178
0
62.4575
0
208.741
-56.4269
-17.4307
0
65.1665
0
206.692
-56.4269
-18.3788
0
67.424
0
204.329
-56.4269
-19.361
0
69.9825
0
201.925
-56.4269
-20.2368
0
72.541
0
199.485
-56.4269
-21.0044
0
75.0995
0
196.867
-56.4269
-21.701
0
77.8085
0
194.66
-56.4269
-22.1778
0
80.066
0
191.992
-56.4269
-22.6451
0
82.775
0
189.752
-56.4269
-22.929
0
85.0325
0
187.053
-56.4269
-23.1636
0
87.7415
0
184.798
-56.4269
-23.2526
0
87.7415
0
182.091
-56.4269
-23.3593
0
87.7415
0
179.835
-56.4269
-23.4483
0
87.7415
0
177.128
-56.4269
-23.555
0
87.7415
0
174.722
-56.4269
-23.6499
0
87.7415
0
172.166
-56.4269
-23.7507
0
87.7415
0
169.459
-56.4269
-23.8575
0
90.4505
0
167.201
-56.4269
-23.8398
0
92.708
0
164.646
-56.4269
-23.7189
0
95.2665
0
162.248
-56.4269
-23.4979
0
97.6745
0
159.563
-56.4269
-23.1361
0
100.384
0
157.194
-56.4269
-22.7021
0
102.792
0
154.699
-56.4269
-22.1356
0
105.35
0
152.522
-56.4269
-21.538
0
105.35
0
149.91
-56.4269
-20.8209
0
105.35
0
147.588
-56.4269
-20.1835
0
105.35
0
145.121
-56.4269
-19.5062
0
105.35
0
142.508
-56.4269
-18.7891
0
105.35
0
140.331
-56.4269
-18.1915
0
105.35
0
137.719
-56.4269
-17.4744
0
105.35
0
135.542
-56.4269
-16.8768
0
105.35
0
132.93
-56.4269
-16.1597
0
105.35
0
130.608
-56.4269
-15.5222
0
105.35
0
128.14
-56.4269
-14.845
0
102.792
0
125.792
-56.4269
-14.3118
0
100.384
0
123.276
-56.4269
-13.8507
0
100.384
0
120.907
-56.4269
-13.4167
0
100.384
0
118.39
-56.4269
-12.9556
0
100.384
0
115.726
-56.4269
-12.4673
0
100.384
0
113.505
-56.4269
-12.0604
0
100.384
0
110.841
-56.4269
-11.5722
0
100.384
0
108.472
-56.4269
-11.1381
0
100.384
0
105.807
-56.4269
-10.6499
0
100.384
0
103.587
-56.4269
-10.243
0
100.384
0
101.07
-56.4269
-9.78187
0
100.384
0
98.7017
-56.4269
-9.34786
0
100.384
0
96.0371
-56.4269
-8.8596
0
100.384
0
93.3725
-56.4269
-8.37134
0
100.384
0
91.3
-56.4269
-7.99158
0
100.384
0
88.6353
-56.4269
-7.50332
0
100.384
0
86.2668
-56.4269
-7.06932
0
100.384
0
83.7502
-56.4269
-6.60818
0
100.384
0
81.3816
-56.4269
-6.17417
0
97.9755
0
78.5498
-56.4269
-5.77742
0
95.116
0
76.3013
-56.4269
-5.57611
0
92.8585
0
73.5956
-56.4269
-5.44101
0
92.8585
0
71.1906
-56.4269
-5.32093
0
92.8585
0
68.6353
-56.4269
-5.19334
0
92.8585
0
65.7794
-56.4269
-5.05073
0
92.8585
0
60.8191
-56.4269
-4.80305
0
92.8585
0
55.8587
-56.4269
-4.55538
0
92.8585
0
53.4537
-56.4269
-4.43529
0
92.8585
0
50.7481
-56.4269
-4.30019
0
92.8585
0
45.7878
-56.4269
-4.05252
0
92.8585
0
43.3828
-56.4269
-3.93243
0
92.8585
0
40.9778
-56.4269
-3.81234
0
92.8585
0
38.2722
-56.4269
-3.67725
0
92.8585
0
33.1615
-56.4269
-3.42206
0
92.8585
0
28.2012
-56.4269
-3.17438
0
92.8585
0
23.2409
-56.4269
-2.92671
0
92.8585
0
18.2806
-56.4269
-2.67903
0
92.8585
0
15.7253
-56.4269
-2.55144
0
92.8585
0
10.9152
-56.4269
-2.31126
0
92.8585
0
8.51024
-56.4269
-2.19118
0
92.8585
0
5.95492
-56.4269
-2.06359
0
92.8585
0
3.70023
-56.4269
-1.951
0
92.8585
0
0.84429
-56.4269
-1.8084
0
92.8585
0
-1.56071
-56.4269
-1.68832
0
92.8585
0
-4.11603
-56.4269
-1.56072
0
92.8585
0
-6.37072
-56.4269
-1.44814
0
92.8585
0
-8.92604
-56.4269
-1.32055
0
92.8585
0
-11.4814
-56.4269
-1.19296
0
92.8585
0
-13.8864
-56.4269
-1.07287
0
92.8585
0
-16.592
-56.4269
-0.937776
0
92.8585
0
-18.997
-56.4269
-0.81769
0
92.8585
0
-21.5523
-56.4269
-0.690098
0
92.8585
0
-23.9573
-56.4269
-0.570012
0
92.8585
0
-26.5126
-56.4269
-0.44242
0
92.8585
0
-28.9176
-56.4269
-0.322334
0
92.8585
0
-31.6233
-56.4269
-0.187237
0
92.8585
0
-33.878
-56.4269
-0.0746557
0
92.8585
0
-36.5836
-56.4269
0.0604414
0
92.8585
0
-38.9886
-56.4269
0.180528
0
92.8585
0
-41.5439
-56.4269
0.30812
0
92.8585
0
-44.2495
-56.4269
0.443217
0
92.8585
0
-46.5042
-56.4269
0.555798
0
92.8585
0
-49.0595
-56.4269
0.683389
0
92.8585
0
-51.4645
-56.4269
0.803476
0
92.8585
0
-54.3205
-56.4269
0.946078
0
92.8585
0
-56.7255
-56.4269
1.06616
0
92.8585
0
-59.2808
-56.4269
1.19376
0
92.8585
0
-61.5355
-56.4269
1.30634
0
92.8585
0
-64.2411
-56.4269
1.44143
0
92.8585
0
-66.6461
-56.4269
1.56152
0
92.8585
0
-69.0511
-56.4269
1.68161
0
92.8585
0
-71.6065
-56.4269
1.8092
0
92.8585
0
-74.1618
-56.4269
1.93679
0
92.8585
0
-76.7171
-56.4269
2.06438
0
92.8585
0
-79.1221
-56.4269
2.18447
0
92.8585
0
-81.8277
-56.4269
2.31957
0
92.8585
0
-84.0824
-56.4269
2.43215
0
92.8585
0
-86.788
-56.4269
2.56725
0
92.8585
0
-89.193
-56.4269
2.68733
0
92.8585
0
-91.7484
-56.4269
2.81492
0
92.8585
0
-94.003
-56.4269
2.92751
0
92.8585
0
-96.859
-56.4269
3.07011
0
95.718
0
-99.1053
-56.4269
3.29503
0
97.9755
0
-101.639
-56.4269
3.65002
0
100.534
0
-104.302
-56.4269
4.14528
0
103.243
0
-108.99
-56.4269
5.24853
0
108.059
0
-111.28
-56.4269
5.99501
0
110.467
0
-113.959
-56.4269
6.99488
0
113.327
0
-115.893
-56.4269
7.82919
0
115.434
0
-118.476
-56.4269
9.05724
0
118.293
0
-120.729
-56.4269
10.2699
0
118.293
0
-122.982
-56.4269
11.4826
0
118.293
0
-127.355
-56.4269
13.8366
0
118.293
0
-129.608
-56.4269
15.0493
0
118.293
0
-133.981
-56.4269
17.4033
0
118.293
0
-136.101
-56.4269
18.5447
0
120.701
0
-138.43
-56.4269
19.9278
0
123.41
0
-142.702
-56.4269
22.7453
0
128.527
0
-146.587
-56.4269
25.8389
0
133.494
0
-150.19
-56.4269
29.2572
0
138.46
0
-153.484
-56.4269
32.9746
0
138.46
0
-156.677
-56.4269
36.5793
0
138.46
0
-158.474
-56.4269
38.607
0
138.46
0
-161.767
-56.4269
42.3244
0
143.427
0
-164.727
-56.4269
46.313
0
148.393
0
-166.067
-56.4269
48.4919
0
150.952
0
-167.237
-56.4269
50.597
0
153.36
0
-168.519
-56.4269
53.153
0
156.219
0
-170.461
-56.4269
57.5601
0
161.035
0
-172.026
-56.4269
62.1146
0
165.851
0
-172.615
-56.4269
64.4496
0
168.259
0
-173.135
-56.4269
66.9546
0
170.818
0
-173.52
-56.4269
69.3317
0
170.818
0
-173.928
-56.4269
71.8574
0
170.818
0
-174.384
-56.4269
74.6803
0
170.818
0
-175.129
-56.4269
79.286
0
170.818
0
-175.513
-56.4269
81.6631
0
170.818
0
-175.945
-56.4269
84.3374
0
170.818
0
-176.329
-56.4269
86.7146
0
170.818
0
-176.738
-56.4269
89.2403
0
170.818
0
-177.122
-56.4269
91.6174
0
170.818
0
-177.554
-56.4269
94.2917
0
170.818
0
-177.915
-56.4269
96.5203
0
170.818
0
-178.347
-56.4269
99.1945
0
170.818
0
-178.803
-56.4269
102.017
0
170.818
0
-179.548
-56.4269
106.623
0
170.818
0
-179.908
-56.4269
108.852
0
170.818
0
-180.34
-56.4269
111.526
0
170.818
0
-180.749
-56.4269
114.052
0
173.376
0
-181.044
-56.4269
116.593
0
175.935
0
-181.204
-56.4269
118.845
0
178.192
0
-181.289
-56.4269
121.553
0
180.901
0
-181.254
-56.4269
123.81
0
183.159
0
-181.113
-56.4269
126.364
0
185.717
0
-180.843
-56.4269
129.06
0
188.426
0
-180.49
-56.4269
131.442
0
190.834
0
-179.981
-56.4269
134.103
0
190.834
0
-179.556
-56.4269
136.32
0
190.834
0
-179.047
-56.4269
138.981
0
190.834
0
-178.623
-56.4269
141.198
0
190.834
0
-178.085
-56.4269
144.006
0
190.834
0
-177.661
-56.4269
146.224
0
190.834
0
-177.18
-56.4269
148.737
0
190.834
0
-176.756
-56.4269
150.954
0
190.834
0
-176.247
-56.4269
153.615
0
190.834
0
-175.766
-56.4269
156.127
0
190.834
0
-175.285
-56.4269
158.64
0
193.393
0
-174.657
-56.4269
161.276
0
196.102
0
-173.322
-56.4269
165.903
0
200.918
0
-172.516
-56.4269
168.011
0
203.175
0
-171.45
-56.4269
170.502
0
205.884
0
-170.267
-56.4269
172.939
0
208.593
0
-169.043
-56.4269
175.186
0
211.152
0
-166.473
-56.4269
179.436
0
216.118
0
-163.546
-56.4269
183.448
0
221.085
0
-160.183
-56.4269
187.305
0
226.202
0
-156.598
-56.4269
190.742
0
226.202
0
-153.014
-56.4269
194.18
0
226.202
0
-151.058
-56.4269
196.055
0
226.202
0
-147.582
-56.4269
199.388
0
226.202
0
-145.736
-56.4269
201.159
0
226.202
0
-142.042
-56.4269
204.7
0
231.319
0
-138.165
-56.4269
207.804
0
236.285
0
-133.909
-56.4269
210.645
0
241.402
0
-129.548
-56.4269
213.022
0
246.369
0
-124.998
-56.4269
215.013
0
251.335
0
-120.293
-56.4269
216.602
0
251.335
0
-115.588
-56.4269
218.191
0
251.335
0
-110.882
-56.4269
219.781
0
251.335
0
-108.316
-56.4269
220.648
0
251.335
0
-103.611
-56.4269
222.237
0
256.302
0
-98.7854
-56.4269
223.413
0
261.268
0
-93.8765
-56.4269
224.167
0
266.235
0
-91.1733
-56.4269
224.345
0
268.944
0
-86.2077
-56.4269
224.437
0
273.91
0
-81.1026
-56.4269
224.088
0
279.027
0
-76.1976
-56.4269
223.309
0
279.027
0
-71.2926
-56.4269
222.53
0
279.027
0
-66.3876
-56.4269
221.75
0
279.027
0
-61.6313
-56.4269
220.995
0
279.027
0
-58.9558
-56.4269
220.57
0
279.027
0
-54.0508
-56.4269
219.79
0
279.027
0
-49.1459
-56.4269
219.011
0
279.027
0
-44.2409
-56.4269
218.232
0
279.027
0
-41.7141
-56.4269
217.83
0
279.027
0
-36.6604
-56.4269
217.028
0
279.027
0
-31.6068
-56.4269
216.225
0
273.91
0
-26.6519
-56.4269
215.886
0
273.91
0
-21.6969
-56.4269
215.547
0
273.91
0
-16.742
-56.4269
215.209
0
273.91
0
-11.7871
-56.4269
214.87
0
273.91
0
-9.08437
-56.4269
214.685
0
273.91
0
-4.12943
-56.4269
214.347
0
273.91
0
0.825507
-56.4269
214.008
0
273.91
0
5.9306
-56.4269
213.659
0
273.91
0
10.8855
-56.4269
213.32
0
273.91
0
15.8405
-56.4269
212.982
0
273.91
0
20.6453
-56.4269
212.653
0
273.91
0
23.348
-56.4269
212.469
0
273.91
0
28.3029
-56.4269
212.13
0
273.91
0
33.2578
-56.4269
211.791
0
273.91
0
35.5101
-56.4269
211.637
0
273.91
0
38.2128
-56.4269
211.452
0
273.91
0
40.6152
-56.4269
211.288
0
273.91
0
43.3179
-56.4269
211.104
0
273.91
0
48.2728
-56.4269
210.765
0
273.91
0
53.2277
-56.4269
210.426
0
273.91
0
58.3328
-56.4269
210.077
0
273.91
0
63.2878
-56.4269
209.739
0
273.91
0
65.9905
-56.4269
209.554
0
273.91
0
70.9454
-56.4269
209.215
0
273.91
0
75.7502
-56.4269
208.887
0
273.91
0
78.3027
-56.4269
208.712
0
273.91
0
80.4048
-56.4269
208.569
0
273.91
0
82.8072
-56.4269
208.404
0
273.91
0
85.2096
-56.4269
208.24
0
273.91
0
87.9123
-56.4269
208.056
0
273.91
0
90.1646
-56.4269
207.902
0
273.91
0
92.8673
-56.4269
207.717
0
273.91
0
95.2697
-56.4269
207.553
0
273.91
0
97.6721
-56.4269
207.388
0
273.91
0
100.225
-56.4269
207.214
0
273.91
0
102.627
-56.4269
207.05
0
273.91
0
105.33
-56.4269
206.865
0
273.91
0
107.732
-56.4269
206.701
0
273.91
0
110.435
-56.4269
206.516
0
273.91
0
112.687
-56.4269
206.362
0
273.91
0
115.24
-56.4269
206.188
0
273.91
0
117.642
-56.4269
206.024
0
273.91
0
120.345
-56.4269
205.839
0
273.91
0
122.597
-56.4269
205.685
0
273.91
0
125.149
-56.4269
205.51
0
273.91
0
127.702
-56.4269
205.336
0
273.91
0
130.255
-56.4269
205.161
0
273.91
0
132.807
-56.4269
204.987
0
273.91
0
135.059
-56.4269
204.833
0
273.91
0
137.762
-56.4269
204.648
0
273.91
0
140.164
-56.4269
204.484
0
273.91
0
142.867
-56.4269
204.299
0
273.91
0
145.27
-56.4269
204.135
0
273.91
0
147.822
-56.4269
203.961
0
273.91
0
150.224
-56.4269
203.797
0
273.91
0
152.777
-56.4269
203.622
0
273.91
0
155.179
-56.4269
203.458
0
273.91
0
157.882
-56.4269
203.273
0
273.91
0
160.435
-56.4269
203.099
0
273.91
0
162.687
-56.4269
202.945
0
273.91
0
165.39
-56.4269
202.76
0
273.91
0
167.792
-56.4269
202.596
0
273.91
0
170.495
-56.4269
202.411
0
273.91
0
172.747
-56.4269
202.257
0
273.91
0
175.45
-56.4269
202.072
0
273.91
0
177.702
-56.4269
201.919
0
273.91
0
180.405
-56.4269
201.734
0
273.91
0
182.807
-56.4269
201.57
0
273.91
0
185.36
-56.4269
201.395
0
273.91
0
188.062
-56.4269
201.21
0
273.91
0
190.465
-56.4269
201.046
0
273.91
0
193.017
-56.4269
200.872
0
273.91
0
195.27
-56.4269
200.718
0
273.91
0
198.122
-56.4269
200.523
0
273.91
0
200.224
-56.4269
200.379
0
273.91
0
202.927
-56.4269
200.194
0
273.91
0
205.179
-56.4269
200.04
0
273.91
0
207.882
-56.4269
199.856
0
273.91
0
210.285
-56.4269
199.692
0
276.318
0
212.827
-56.4269
199.41
0
278.877
0
215.355
-56.4269
199.015
0
281.435
0
217.716
-56.4269
198.538
0
283.843
0
220.346
-56.4269
197.89
0
286.552
0
222.51
-56.4269
197.247
0
288.81
0
225.217
-56.4269
196.325
0
291.669
0
227.175
-56.4269
195.547
0
293.776
0
229.929
-56.4269
194.333
0
296.786
0
231.945
-56.4269
193.316
0
299.044
0
234.181
-56.4269
192.074
0
301.602
0
236.617
-56.4269
190.575
0
304.462
0
238.354
-56.4269
189.383
0
306.569
0
240.53
-56.4269
187.769
0
306.569
0
242.343
-56.4269
186.424
0
306.569
0
244.398
-56.4269
184.9
0
306.569
0
246.573
-56.4269
183.286
0
306.569
0
248.628
-56.4269
181.761
0
306.569
0
250.441
-56.4269
180.416
0
306.569
0
252.617
-56.4269
178.802
0
309.278
0
254.481
-56.4269
177.278
0
311.686
0
256.392
-56.4269
175.576
0
314.244
0
258.44
-56.4269
173.581
0
317.104
0
259.874
-56.4269
172.038
0
319.211
0
261.644
-56.4269
169.987
0
321.92
0
263.129
-56.4269
168.091
0
321.92
0
264.707
-56.4269
166.077
0
321.92
0
266.1
-56.4269
164.3
0
321.92
0
267.863
-56.4269
162.05
0
321.92
0
269.256
-56.4269
160.273
0
321.92
0
270.834
-56.4269
158.259
0
324.478
0
272.233
-56.4269
156.299
0
326.886
0
273.713
-56.4269
154.03
0
329.595
0
275.008
-56.4269
151.823
0
332.154
0
276.062
-56.4269
149.827
0
334.411
0
277.232
-56.4269
147.384
0
337.12
0
278.168
-56.4269
145.165
0
339.528
0
279.063
-56.4269
142.768
0
342.087
0
279.758
-56.4269
140.62
0
344.344
0
280.529
-56.4269
137.867
0
347.204
0
281.029
-56.4269
135.665
0
349.461
0
281.497
-56.4269
133.15
0
352.02
0
281.832
-56.4269
130.765
0
352.02
0
282.187
-56.4269
128.232
0
352.02
0
282.584
-56.4269
125.4
0
352.02
0
282.876
-56.4269
123.313
0
352.02
0
283.252
-56.4269
120.631
0
352.02
0
283.587
-56.4269
118.246
0
354.428
0
283.835
-56.4269
115.699
0
356.986
0
283.962
-56.4269
113.295
0
359.394
0
283.99
-56.4269
110.586
0
0
0
283.99
-56.4269
108.178
0
2.408
0
283.883
-56.4269
105.622
0
4.9665
0
283.674
-56.4269
103.223
0
4.9665
0
283.466
-56.4269
100.824
0
4.9665
0
283.218
-56.4269
97.975
0
4.9665
0
283.036
-56.4269
95.8759
0
4.9665
0
282.788
-56.4269
93.0271
0
4.9665
0
282.593
-56.4269
90.7781
0
4.9665
0
282.358
-56.4269
88.0793
0
4.9665
0
282.163
-56.4269
85.8303
0
4.9665
0
281.929
-56.4269
83.1315
0
4.9665
0
281.707
-56.4269
80.5826
0
7.525
0
281.392
-56.4269
78.1953
0
9.933
0
281.002
-56.4269
75.9716
0
12.1905
0
280.43
-56.4269
73.3237
0
14.8995
0
279.734
-56.4269
70.7058
0
17.6085
0
279.051
-56.4269
68.5541
0
17.6085
0
278.231
-56.4269
65.972
0
17.6085
0
277.548
-56.4269
63.8203
0
17.6085
0
276.729
-56.4269
61.2382
0
17.6085
0
276.046
-56.4269
59.0865
0
17.6085
0
275.227
-56.4269
56.5044
0
17.6085
0
274.498
-56.4269
54.2092
0
17.6085
0
273.679
-56.4269
51.6272
0
17.6085
0
272.996
-56.4269
49.4754
0
17.6085
0
272.222
-56.4269
47.0368
0
17.6085
0
271.493
-56.4269
44.7416
0
17.6085
0
270.719
-56.4269
42.303
0
20.167
0
269.785
-56.4269
39.7601
0
22.876
0
268.849
-56.4269
37.5415
0
25.284
0
267.756
-56.4269
35.2281
0
27.8425
0
266.632
-56.4269
33.0989
0
30.2505
0
265.267
-56.4269
30.7587
0
32.9595
0
263.957
-56.4269
28.7383
0
35.3675
0
262.476
-56.4269
26.652
0
37.926
0
260.996
-56.4269
24.7525
0
40.334
0
259.34
-56.4269
22.8022
0
42.8925
0
257.701
-56.4269
21.038
0
42.8925
0
256.062
-56.4269
19.2739
0
42.8925
0
254.218
-56.4269
17.2892
0
42.8925
0
252.579
-56.4269
15.525
0
42.8925
0
250.736
-56.4269
13.5403
0
42.8925
0
249.097
-56.4269
11.7761
0
42.8925
0
247.253
-56.4269
9.79141
0
45.6015
0
245.64
-56.4269
8.21196
0
47.859
0
243.631
-56.4269
6.39434
0
50.568
0
241.888
-56.4269
4.96046
0
52.8255
0
239.729
-56.4269
3.32356
0
55.5345
0
237.744
-56.4269
1.96085
0
57.9425
0
235.703
-56.4269
0.682755
0
60.3505
0
233.349
-56.4269
-0.657368
0
63.0595
0
231.336
-56.4269
-1.68016
0
63.0595
0
228.921
-56.4269
-2.90752
0
63.0595
0
226.909
-56.4269
-3.93031
0
63.0595
0
224.359
-56.4269
-5.22585
0
63.0595
0
222.481
-56.4269
-6.18046
0
63.0595
0
220.066
-56.4269
-7.40781
0
65.7685
0
217.87
-56.4269
-8.39611
0
68.1765
0
215.495
-56.4269
-9.34723
0
70.735
0
212.938
-56.4269
-10.241
0
73.444
0
210.774
-56.4269
-10.8843
0
75.7015
0
208.149
-56.4269
-11.5534
0
78.4105
0
205.79
-56.4269
-12.0371
0
80.8185
0
203.264
-56.4269
-12.4454
0
83.377
0
200.872
-56.4269
-12.7231
0
83.377
0
198.181
-56.4269
-13.0355
0
83.377
0
195.939
-56.4269
-13.2959
0
83.377
0
193.248
-56.4269
-13.6084
0
83.377
0
190.856
-56.4269
-13.8861
0
83.377
0
188.464
-56.4269
-14.1638
0
83.377
0
185.923
-56.4269
-14.4589
0
83.377
0
183.531
-56.4269
-14.7366
0
83.377
0
180.84
-56.4269
-15.0491
0
83.377
0
178.448
-56.4269
-15.3268
0
83.377
0
175.757
-56.4269
-15.6392
0
83.377
0
173.514
-56.4269
-15.8996
0
83.377
0
170.824
-56.4269
-16.2121
0
83.377
0
168.432
-56.4269
-16.4898
0
83.377
0
165.89
-56.4269
-16.7849
0
83.377
0
163.498
-56.4269
-17.0626
0
83.377
0
160.957
-56.4269
-17.3577
0
83.377
0
158.565
-56.4269
-17.6354
0
83.377
0
156.023
-56.4269
-17.9305
0
85.9355
0
153.471
-56.4269
-18.1119
0
88.494
0
151.064
-56.4269
-18.1751
0
90.902
0
148.506
-56.4269
-18.1349
0
90.902
0
146.098
-56.4269
-18.097
0
90.902
0
143.39
-56.4269
-18.0543
0
90.902
0
140.982
-56.4269
-18.0164
0
90.902
0
138.424
-56.4269
-17.9761
0
90.902
0
136.016
-56.4269
-17.9382
0
90.902
0
133.458
-56.4269
-17.898
0
90.902
0
131.05
-56.4269
-17.8601
0
90.902
0
128.492
-56.4269
-17.8198
0
90.902
0
125.783
-56.4269
-17.7771
0
90.902
0
123.526
-56.4269
-17.7416
0
90.902
0
120.968
-56.4269
-17.7013
0
90.902
0
118.41
-56.4269
-17.661
0
90.902
0
115.852
-56.4269
-17.6208
0
90.902
0
113.444
-56.4269
-17.5829
0
90.902
0
110.886
-56.4269
-17.5426
0
90.902
0
108.478
-56.4269
-17.5047
0
90.902
0
105.92
-56.4269
-17.4644
0
90.902
0
103.512
-56.4269
-17.4265
0
90.902
0
100.954
-56.4269
-17.3862
0
90.902
0
98.2453
-56.4269
-17.3436
0
90.902
0
95.8376
-56.4269
-17.3057
0
90.902
0
93.1289
-56.4269
-17.263
0
90.902
0
90.8717
-56.4269
-17.2275
0
90.902
0
88.1631
-56.4269
-17.1848
0
90.902
0
85.9058
-56.4269
-17.1493
0
90.902
0
83.1972
-56.4269
-17.1066
0
90.902
0
80.9399
-56.4269
-17.0711
0
90.902
0
78.2313
-56.4269
-17.0285
0
90.902
0
75.5226
-56.4269
-16.9858
0
90.902
0
73.2654
-56.4269
-16.9503
0
90.902
0
70.4063
-56.4269
-16.9053
0
90.902
0
68.149
-56.4269
-16.8697
0
90.902
0
65.5909
-56.4269
-16.8295
0
90.902
0
62.8822
-56.4269
-16.7868
0
90.902
0
58.0668
-56.4269
-16.711
0
90.902
0
55.3581
-56.4269
-16.6683
0
90.902
0
50.3923
-56.4269
-16.5902
0
90.902
0
47.6836
-56.4269
-16.5475
0
90.902
0
