10
-95.3182
10
0
90
0
9.974
-95.3182
10
0
90
0
9.906
-95.3182
10
0
90
0
9.816
-95.3182
10
0
90
0
9.68
-95.3182
10
0
90
0
9.52
-95.3182
10
0
90
0
9.328
-95.3182
10
0
90
0
9.09
-95.3182
10
0
90
0
8.834
-95.3182
10
0
90
0
8.528
-95.3182
10
0
90
0
8.208
-95.3182
10
0
90
0
7.834
-95.3182
10
0
89.592
0
7.42601
-95.3182
9.9971
0
89.15
0
7.01006
-95.3182
9.99092
0
88.702
0
6.53418
-95.3182
9.98014
0
88.192
0
6.02443
-95.3182
9.96405
0
87.648
0
5.48089
-95.3182
9.94173
0
87.648
0
4.93735
-95.3182
9.9194
0
87.648
0
4.32587
-95.3182
9.89429
0
87.648
0
3.71838
-95.3182
9.86934
0
87.648
0
3.03895
-95.3182
9.84143
0
87.648
0
2.32555
-95.3182
9.81213
0
87.648
0
1.62214
-95.3182
9.78324
0
87.648
0
0.794842
-95.3182
9.74926
0
87.648
0
0.0274894
-95.3182
9.71774
0
86.848
0
-0.7713
-95.3182
9.67375
0
86.016
0
-1.65316
-95.3182
9.61233
0
85.098
0
-2.56781
-95.3182
9.53389
0
85.098
0
-3.51632
-95.3182
9.45254
0
85.098
0
-4.49872
-95.3182
9.36828
0
85.098
0
-5.39543
-95.3182
9.29138
0
85.098
0
-6.44557
-95.3182
9.20131
0
85.098
0
-7.52959
-95.3182
9.10834
0
85.098
0
-8.64749
-95.3182
9.01246
0
85.098
0
-9.73151
-95.3182
8.91949
0
85.098
0
-10.9172
-95.3182
8.8178
0
85.098
0
-12.0649
-95.3182
8.71936
0
85.098
0
-13.3183
-95.3182
8.61186
0
85.098
0
-14.6056
-95.3182
8.50146
0
85.098
0
-15.9268
-95.3182
8.38815
0
85.098
0
-17.2818
-95.3182
8.27194
0
85.098
0
-18.589
-95.3182
8.15982
0
85.098
0
-20.0118
-95.3182
8.0378
0
85.098
0
-21.3827
-95.3182
7.92022
0
85.098
0
-22.7856
-95.3182
7.7999
0
85.098
0
-24.2203
-95.3182
7.67685
0
85.098
0
-25.6869
-95.3182
7.55107
0
83.594
0
-27.275
-95.3182
7.37277
0
81.962
0
-28.8909
-95.3182
7.14457
0
80.296
0
-30.5331
-95.3182
6.86375
0
78.596
0
-32.1015
-95.3182
6.54739
0
78.596
0
-33.8013
-95.3182
6.20453
0
78.596
0
-35.4324
-95.3182
5.87552
0
78.596
0
-37.1988
-95.3182
5.51922
0
78.596
0
-38.9986
-95.3182
5.15619
0
78.596
0
-40.8317
-95.3182
4.78644
0
78.596
0
-42.5883
-95.3182
4.43212
0
78.596
0
-44.488
-95.3182
4.04893
0
78.596
0
-46.3074
-95.3182
3.68195
0
78.596
0
-48.2738
-95.3182
3.28531
0
78.596
0
-50.1559
-95.3182
2.90568
0
78.596
0
-52.1889
-95.3182
2.49559
0
78.596
0
-54.2553
-95.3182
2.07879
0
78.596
0
-56.2315
-95.3182
1.68017
0
78.596
0
-58.3646
-95.3182
1.24992
0
78.596
0
-60.5309
-95.3182
0.812946
0
78.596
0
-62.6012
-95.3182
0.395349
0
78.596
0
-64.8343
-95.3182
-0.0550703
0
78.596
0
-67.1006
-95.3182
-0.512212
0
78.596
0
-69.4003
-95.3182
-0.976077
0
78.596
0
-71.5961
-95.3182
-1.41898
0
78.596
0
-73.9624
-95.3182
-1.89629
0
78.596
0
-76.221
-95.3182
-2.35185
0
78.596
0
-78.654
-95.3182
-2.84261
0
78.596
0
-81.1203
-95.3182
-3.34009
0
78.596
0
-83.4729
-95.3182
-3.81463
0
78.596
0
-86.0059
-95.3182
-4.32555
0
78.596
0
-88.4212
-95.3182
-4.81275
0
78.596
0
-91.0209
-95.3182
-5.33712
0
78.596
0
-93.6539
-95.3182
-5.86821
0
78.596
0
-96.3202
-95.3182
-6.40602
0
78.596
0
-98.861
-95.3182
-6.91853
0
78.596
0
-101.594
-95.3182
-7.46979
0
78.596
0
-104.36
-95.3182
-8.02777
0
78.596
0
-106.995
-95.3182
-8.55926
0
78.596
0
-109.828
-95.3182
-9.13068
0
78.596
0
-112.694
-95.3182
-9.70884
0
78.596
0
-115.594
-95.3182
-10.2937
0
78.596
0
-118.354
-95.3182
-10.8505
0
78.596
0
-121.321
-95.3182
-11.4488
0
78.596
0
-124.32
-95.3182
-12.0539
0
78.596
0
-127.175
-95.3182
-12.6296
0
78.596
0
-130.241
-95.3182
-13.2481
0
78.596
0
-133.158
-95.3182
-13.8366
0
78.596
0
-136.291
-95.3182
-14.4685
0
78.596
0
-139.457
-95.3182
-15.1071
0
78.596
0
-142.657
-95.3182
-15.7525
0
78.596
0
-145.7
-95.3182
-16.3663
0
78.596
0
-148.966
-95.3182
-17.0251
0
78.596
0
-152.071
-95.3182
-17.6515
0
78.596
0
-155.404
-95.3182
-18.3238
0
78.596
0
-158.77
-95.3182
-19.0027
0
78.596
0
-161.97
-95.3182
-19.6481
0
78.596
0
-165.201
-95.3182
-20.2998
0
78.596
0
-168.871
-95.3182
-21.0401
0
78.596
0
-172.371
-95.3182
-21.746
0
78.596
0
-175.696
-95.3182
-22.4167
0
78.596
0
-179.262
-95.3182
-23.136
0
78.596
0
-182.65
-95.3182
-23.8193
0
78.596
0
-186.282
-95.3182
-24.5521
0
78.596
0
-189.949
-95.3182
-25.2916
0
78.596
0
-193.43
-95.3182
-25.9939
0
78.596
0
-197.163
-95.3182
-26.7469
0
74.754
0
-200.87
-95.3182
-27.7572
0
70.878
0
-204.317
-95.3182
-28.9522
0
67.198
0
-207.921
-95.3182
-30.4675
0
63.254
0
-211.858
-95.3182
-32.4513
0
58.808
0
-215.06
-95.3182
-34.3903
0
55.032
0
-218.348
-95.3182
-36.6897
0
50.986
0
-221.492
-95.3182
-39.2367
0
46.906
0
-224.296
-95.3182
-41.8601
0
43.034
0
-227.103
-95.3182
-44.8673
0
38.886
0
-229.707
-95.3182
-48.0961
0
34.704
0
-231.948
-95.3182
-51.3319
0
30.736
0
-234.103
-95.3182
-54.9557
0
26.486
0
-235.998
-95.3182
-58.7596
0
22.202
0
-237.617
-95.3182
-62.726
0
17.9095
0
-238.704
-95.3182
-66.0897
0
14.3675
0
-239.771
-95.3182
-70.2561
0
10.058
0
-240.48
-95.3182
-74.2498
0
5.99399
0
-240.931
-95.3182
-78.5442
0
1.66749
0
-241.057
-95.3182
-82.8689
0
359
0
-240.981
-95.3182
-87.2032
0
354.656
0
-240.624
-95.3182
-91.0191
0
350.816
0
-239.93
-95.3182
-95.3153
0
346.456
0
-238.848
-95.3182
-99.8039
0
341.83
0
-237.566
-95.3182
-103.711
0
337.71
0
-235.906
-95.3182
-107.761
0
333.324
0
-233.705
-95.3182
-112.141
0
328.413
0
-231.538
-95.3182
-115.665
0
328.413
0
-229.232
-95.3182
-119.415
0
328.413
0
-227.057
-95.3182
-122.952
0
328.413
0
-224.742
-95.3182
-126.717
0
328.413
0
-222.422
-95.3182
-130.49
0
328.413
0
-220.235
-95.3182
-134.047
0
328.413
0
-217.907
-95.3182
-137.834
0
328.413
0
-215.711
-95.3182
-141.405
0
328.413
0
-213.373
-95.3182
-145.206
0
328.413
0
-210.894
-95.3182
-149.239
0
328.413
0
-208.685
-95.3182
-152.83
0
328.413
0
-206.334
-95.3182
-156.653
0
328.413
0
-204.118
-95.3182
-160.258
0
328.413
0
-201.758
-95.3182
-164.096
0
328.413
0
-199.533
-95.3182
-167.714
0
328.413
0
-197.164
-95.3182
-171.566
0
328.413
0
-194.791
-95.3182
-175.426
0
328.413
0
-192.553
-95.3182
-179.065
0
328.413
0
-190.172
-95.3182
-182.938
0
323.857
0
-187.484
-95.3182
-186.618
0
319.292
0
-184.682
-95.3182
-189.874
0
314.988
0
-181.448
-95.3182
-193.107
0
310.406
0
-177.96
-95.3182
-196.077
0
305.816
0
-174.456
-95.3182
-198.605
0
301.488
0
-170.535
-95.3182
-201.007
0
296.882
0
-166.426
-95.3182
-203.09
0
292.266
0
-162.406
-95.3182
-204.736
0
287.914
0
-158.006
-95.3182
-206.158
0
283.281
0
-153.497
-95.3182
-207.222
0
278.641
0
-148.909
-95.3182
-207.92
0
273.991
0
-144.271
-95.3182
-208.243
0
269.333
0
-139.887
-95.3182
-208.192
0
264.941
0
-135.239
-95.3182
-207.781
0
264.941
0
-130.856
-95.3182
-207.393
0
264.941
0
-126.191
-95.3182
-206.98
0
264.941
0
-121.517
-95.3182
-206.566
0
264.941
0
-117.11
-95.3182
-206.176
0
264.941
0
-112.42
-95.3182
-205.761
0
264.941
0
-107.997
-95.3182
-205.369
0
264.941
0
-103.289
-95.3182
-204.952
0
264.941
0
-98.5733
-95.3182
-204.535
0
264.941
0
-94.1267
-95.3182
-204.141
0
264.941
0
-89.3937
-95.3182
-203.722
0
264.941
0
-84.6522
-95.3182
-203.302
0
264.941
0
-80.1817
-95.3182
-202.907
0
264.941
0
-75.4233
-95.3182
-202.485
0
264.941
0
-70.6564
-95.3182
-202.063
0
264.941
0
-66.162
-95.3182
-201.666
0
264.941
0
-61.3782
-95.3182
-201.242
0
264.941
0
-56.586
-95.3182
-200.818
0
264.941
0
-51.7853
-95.3182
-200.393
0
264.941
0
-47.2589
-95.3182
-199.992
0
264.941
0
-42.4413
-95.3182
-199.566
0
264.941
0
-37.6152
-95.3182
-199.138
0
264.941
0
-33.065
-95.3182
-198.736
0
264.941
0
-28.2219
-95.3182
-198.307
0
264.941
0
-23.6558
-95.3182
-197.903
0
264.941
0
-18.7958
-95.3182
-197.472
0
264.941
0
-13.9273
-95.3182
-197.041
0
264.941
0
-9.05037
-95.3182
-196.61
0
264.941
0
-4.45236
-95.3182
-196.203
0
264.941
0
0.441504
-95.3182
-195.77
0
264.941
0
5.05546
-95.3182
-195.361
0
264.941
0
9.96626
-95.3182
-194.926
0
264.941
0
14.8855
-95.3182
-194.491
0
264.941
0
19.5234
-95.3182
-194.08
0
264.941
0
24.4596
-95.3182
-193.643
0
264.941
0
29.1134
-95.3182
-193.231
0
264.941
0
34.0665
-95.3182
-192.793
0
264.941
0
38.7362
-95.3182
-192.379
0
264.941
0
43.4139
-95.3182
-191.965
0
264.941
0
47.8068
-95.3182
-191.576
0
264.941
0
52.7938
-95.3182
-191.135
0
264.941
0
57.4954
-95.3182
-190.719
0
264.941
0
62.4993
-95.3182
-190.276
0
264.941
0
67.5117
-95.3182
-189.832
0
264.941
0
72.5326
-95.3182
-189.388
0
264.941
0
76.9702
-95.3182
-188.995
0
264.941
0
82.008
-95.3182
-188.549
0
264.941
0
87.0543
-95.3182
-188.102
0
264.941
0
92.109
-95.3182
-187.655
0
264.941
0
96.8744
-95.3182
-187.233
0
264.941
0
101.946
-95.3182
-186.784
0
264.941
0
106.727
-95.3182
-186.36
0
264.941
0
111.816
-95.3182
-185.91
0
264.941
0
116.613
-95.3182
-185.485
0
264.941
0
121.719
-95.3182
-185.033
0
264.941
0
126.833
-95.3182
-184.581
0
264.941
0
131.955
-95.3182
-184.127
0
259.79
0
137.025
-95.3182
-183.214
0
259.79
0
141.804
-95.3182
-182.353
0
259.79
0
146.89
-95.3182
-181.437
0
259.79
0
151.685
-95.3182
-180.574
0
259.79
0
156.788
-95.3182
-179.655
0
254.597
0
161.5
-95.3182
-178.356
0
249.701
0
166.299
-95.3182
-176.581
0
244.584
0
171.646
-95.3182
-174.04
0
244.584
0
175.852
-95.3182
-172.042
0
244.584
0
180.243
-95.3182
-169.955
0
244.584
0
184.304
-95.3182
-168.026
0
244.584
0
188.542
-95.3182
-166.012
0
244.584
0
192.703
-95.3182
-164.034
0
244.584
0
196.787
-95.3182
-162.094
0
244.584
0
200.795
-95.3182
-160.189
0
244.584
0
204.494
-95.3182
-158.431
0
244.584
0
208.348
-95.3182
-156.6
0
244.584
0
212.126
-95.3182
-154.805
0
244.584
0
215.608
-95.3182
-153.15
0
240.728
0
218.902
-95.3182
-151.304
0
236.952
0
222.194
-95.3182
-149.162
0
233.025
0
225.083
-95.3182
-146.987
0
229.409
0
227.936
-95.3182
-144.543
0
225.652
0
230.562
-95.3182
-141.976
0
221.98
0
232.961
-95.3182
-139.309
0
221.98
0
235.303
-95.3182
-136.706
0
221.98
0
237.454
-95.3182
-134.315
0
221.98
0
239.683
-95.3182
-131.838
0
221.98
0
241.855
-95.3182
-129.425
0
221.98
0
243.97
-95.3182
-127.074
0
221.98
0
245.907
-95.3182
-124.921
0
221.98
0
247.908
-95.3182
-122.697
0
221.98
0
249.852
-95.3182
-120.536
0
221.98
0
251.74
-95.3182
-118.438
0
221.98
0
253.463
-95.3182
-116.523
0
221.98
0
255.132
-95.3182
-114.668
0
221.98
0
256.849
-95.3182
-112.759
0
221.98
0
258.509
-95.3182
-110.914
0
221.98
0
260.077
-95.3182
-109.172
0
221.98
0
261.749
-95.3182
-107.314
0
221.98
0
263.327
-95.3182
-105.56
0
221.98
0
265.01
-95.3182
-103.689
0
219.455
0
266.614
-95.3182
-101.74
0
216.922
0
268.136
-95.3182
-99.7152
0
214.38
0
269.571
-95.3182
-97.6177
0
211.83
0
270.837
-95.3182
-95.5787
0
211.83
0
272.186
-95.3182
-93.4049
0
211.83
0
273.536
-95.3182
-91.2312
0
211.83
0
274.806
-95.3182
-89.1853
0
211.83
0
276.076
-95.3182
-87.1395
0
211.83
0
277.425
-95.3182
-84.9657
0
211.83
0
278.774
-95.3182
-82.792
0
211.83
0
280.124
-95.3182
-80.6183
0
211.83
0
281.394
-95.3182
-78.5724
0
211.83
0
282.743
-95.3182
-76.3987
0
211.83
0
284.092
-95.3182
-74.2249
0
211.83
0
285.362
-95.3182
-72.179
0
209.422
0
286.619
-95.3182
-69.9505
0
206.864
0
287.776
-95.3182
-67.6681
0
204.305
0
288.767
-95.3182
-65.4736
0
201.897
0
289.721
-95.3182
-63.0997
0
201.897
0
290.619
-95.3182
-60.8654
0
201.897
0
291.629
-95.3182
-58.3519
0
201.897
0
292.583
-95.3182
-55.9779
0
201.897
0
293.481
-95.3182
-53.7437
0
201.897
0
294.379
-95.3182
-51.5094
0
201.897
0
295.334
-95.3182
-49.1355
0
201.897
0
296.288
-95.3182
-46.7616
0
201.897
0
297.242
-95.3182
-44.3877
0
201.897
0
298.14
-95.3182
-42.1534
0
201.897
0
299.094
-95.3182
-39.7795
0
201.897
0
299.936
-95.3182
-37.6849
0
201.897
0
300.891
-95.3182
-35.3109
0
201.897
0
301.901
-95.3182
-32.7974
0
201.897
0
302.799
-95.3182
-30.5631
0
201.897
0
303.753
-95.3182
-28.1892
0
201.897
0
304.707
-95.3182
-25.8153
0
201.897
0
305.605
-95.3182
-23.581
0
201.897
0
306.56
-95.3182
-21.2071
0
201.897
0
307.402
-95.3182
-19.1125
0
201.897
0
308.356
-95.3182
-16.7386
0
201.897
0
309.366
-95.3182
-14.225
0
201.897
0
310.32
-95.3182
-11.8511
0
201.897
0
311.218
-95.3182
-9.61685
0
201.897
0
312.173
-95.3182
-7.24294
0
201.897
0
313.127
-95.3182
-4.86903
0
201.897
0
314.081
-95.3182
-2.49512
0
201.897
0
314.979
-95.3182
-0.260848
0
201.897
0
315.933
-95.3182
2.11306
0
201.897
0
316.888
-95.3182
4.48697
0
201.897
0
317.786
-95.3182
6.72124
0
201.897
0
318.74
-95.3182
9.09516
0
201.897
0
319.694
-95.3182
11.4691
0
201.897
0
320.648
-95.3182
13.843
0
201.897
0
321.546
-95.3182
16.0772
0
201.897
0
322.388
-95.3182
18.1719
0
201.897
0
323.286
-95.3182
20.4061
0
201.897
0
324.184
-95.3182
22.6404
0
201.897
0
325.139
-95.3182
25.0143
0
201.897
0
326.093
-95.3182
27.3882
0
201.897
0
327.047
-95.3182
29.7621
0
201.897
0
328.001
-95.3182
32.1361
0
201.897
0
328.899
-95.3182
34.3703
0
201.897
0
329.797
-95.3182
36.6046
0
201.897
0
330.752
-95.3182
38.9785
0
201.897
0
331.662
-95.3182
41.2425
0
201.897
0
332.641
-95.3182
43.6795
0
201.897
0
333.633
-95.3182
46.148
0
201.897
0
334.638
-95.3182
48.6481
0
201.897
0
335.596
-95.3182
51.0309
0
201.897
0
336.566
-95.3182
53.4433
0
201.897
0
337.609
-95.3182
56.038
0
201.897
0
338.664
-95.3182
58.6643
0
201.897
0
339.733
-95.3182
61.3221
0
201.897
0
340.814
-95.3182
64.0115
0
201.897
0
341.843
-95.3182
66.5724
0
201.897
0
342.949
-95.3182
69.3249
0
201.897
0
344.003
-95.3182
71.9451
0
201.897
0
345.134
-95.3182
74.7607
0
201.897
0
346.279
-95.3182
77.6078
0
201.897
0
347.436
-95.3182
80.4865
0
198.761
0
348.385
-95.3182
83.2816
0
195.777
0
349.247
-95.3182
86.3327
0
192.572
0
349.904
-95.3182
89.2764
0
189.524
0
350.44
-95.3182
92.4702
0
186.252
0
350.775
-95.3182
95.5319
0
183.14
0
350.956
-95.3182
98.8335
0
179.799
0
350.945
-95.3182
102.174
0
176.425
0
350.734
-95.3182
105.542
0
173.016
0
350.344
-95.3182
108.726
0
169.776
0
349.733
-95.3182
112.114
0
166.3
0
348.958
-95.3182
115.293
0
166.3
0
348.127
-95.3182
118.703
0
166.3
0
347.287
-95.3182
122.147
0
166.3
0
346.49
-95.3182
125.419
0
166.3
0
345.634
-95.3182
128.929
0
166.3
0
344.821
-95.3182
132.263
0
166.3
0
343.95
-95.3182
135.839
0
166.3
0
343.018
-95.3182
139.66
0
166.3
0
342.182
-95.3182
143.088
0
166.3
0
341.339
-95.3182
146.547
0
166.3
0
340.382
-95.3182
150.473
0
166.3
0
339.524
-95.3182
153.994
0
166.3
0
338.604
-95.3182
157.768
0
166.3
0
337.676
-95.3182
161.575
0
166.3
0
336.795
-95.3182
165.189
0
166.3
0
335.906
-95.3182
168.834
0
162.516
0
334.698
-95.3182
172.669
0
158.461
0
333.21
-95.3182
176.44
0
154.373
0
331.234
-95.3182
180.56
0
149.765
0
329.28
-95.3182
183.912
0
145.853
0
326.947
-95.3182
187.352
0
141.663
0
324.195
-95.3182
190.833
0
137.19
0
321.493
-95.3182
193.749
0
137.19
0
318.769
-95.3182
196.69
0
137.19
0
315.869
-95.3182
199.82
0
137.19
0
313.135
-95.3182
202.772
0
137.19
0
310.223
-95.3182
205.915
0
137.19
0
307.478
-95.3182
208.879
0
137.19
0
304.555
-95.3182
212.034
0
137.19
0
301.626
-95.3182
215.195
0
137.19
0
298.865
-95.3182
218.177
0
137.19
0
295.925
-95.3182
221.351
0
137.19
0
292.979
-95.3182
224.531
0
137.19
0
290.027
-95.3182
227.717
0
137.19
0
287.243
-95.3182
230.722
0
137.19
0
284.28
-95.3182
233.921
0
137.19
0
281.311
-95.3182
237.126
0
137.19
0
278.511
-95.3182
240.149
0
137.19
0
275.531
-95.3182
243.367
0
137.19
0
272.72
-95.3182
246.401
0
137.19
0
269.728
-95.3182
249.631
0
137.19
0
266.73
-95.3182
252.867
0
137.19
0
263.903
-95.3182
255.919
0
137.19
0
260.893
-95.3182
259.168
0
137.19
0
257.878
-95.3182
262.423
0
137.19
0
254.857
-95.3182
265.684
0
137.19
0
252.008
-95.3182
268.759
0
132.99
0
248.744
-95.3182
271.802
0
128.519
0
245.246
-95.3182
274.587
0
124.039
0
241.752
-95.3182
276.947
0
119.815
0
237.859
-95.3182
279.178
0
119.815
0
233.957
-95.3182
281.414
0
119.815
0
230.049
-95.3182
283.654
0
119.815
0
226.363
-95.3182
285.766
0
119.815
0
222.439
-95.3182
288.014
0
119.815
0
218.74
-95.3182
290.134
0
119.815
0
214.802
-95.3182
292.391
0
119.815
0
211.088
-95.3182
294.519
0
119.815
0
207.135
-95.3182
296.785
0
119.815
0
203.175
-95.3182
299.054
0
119.815
0
199.441
-95.3182
301.194
0
119.815
0
195.466
-95.3182
303.472
0
119.815
0
191.483
-95.3182
305.754
0
119.815
0
187.493
-95.3182
308.041
0
115.208
0
183.325
-95.3182
310.003
0
110.593
0
179.259
-95.3182
311.531
0
110.593
0
174.93
-95.3182
313.157
0
110.593
0
170.849
-95.3182
314.691
0
110.593
0
166.504
-95.3182
316.323
0
110.593
0
162.408
-95.3182
317.862
0
110.593
0
158.048
-95.3182
319.5
0
110.593
0
153.679
-95.3182
321.142
0
110.593
0
149.56
-95.3182
322.689
0
110.593
0
144.918
-95.3182
324.434
0
110.593
0
140.784
-95.3182
325.987
0
110.593
0
136.643
-95.3182
327.543
0
110.593
0
132.235
-95.3182
329.199
0
110.593
0
127.819
-95.3182
330.858
0
110.593
0
123.655
-95.3182
332.423
0
110.593
0
119.223
-95.3182
334.088
0
110.593
0
114.783
-95.3182
335.756
0
110.593
0
110.335
-95.3182
337.428
0
110.593
0
105.88
-95.3182
339.102
0
110.593
0
101.678
-95.3182
340.68
0
110.593
0
97.2065
-95.3182
342.361
0
110.593
0
92.7268
-95.3182
344.044
0
110.593
0
88.5031
-95.3182
345.631
0
110.593
0
84.2719
-95.3182
347.221
0
110.593
0
79.5034
-95.3182
349.012
0
110.593
0
75.2573
-95.3182
350.608
0
110.593
0
70.7378
-95.3182
352.306
0
110.593
0
66.4766
-95.3182
353.907
0
110.593
0
61.9412
-95.3182
355.611
0
110.593
0
57.3978
-95.3182
357.318
0
110.593
0
53.1142
-95.3182
358.928
0
110.593
0
48.5549
-95.3182
360.641
0
110.593
0
43.9877
-95.3182
362.357
0
110.593
0
39.6816
-95.3182
363.975
0
110.593
0
34.8289
-95.3182
365.798
0
110.593
0
30.2378
-95.3182
367.523
0
110.593
0
25.9092
-95.3182
369.15
0
110.593
0
21.3022
-95.3182
370.881
0
110.593
0
16.6872
-95.3182
372.615
0
110.593
0
12.0643
-95.3182
374.352
0
110.593
0
7.70576
-95.3182
375.99
0
105.929
0
2.94054
-95.3182
377.35
0
100.965
0
-1.64617
-95.3182
378.238
0
96.285
0
-6.58878
-95.3182
378.783
0
91.304
0
-11.5685
-95.3182
378.896
0
86.3145
0
-16.2548
-95.3182
378.594
0
86.3145
0
-21.2424
-95.3182
378.273
0
86.3145
0
-25.6508
-95.3182
377.989
0
86.3145
0
-30.6554
-95.3182
377.667
0
86.3145
0
-35.3737
-95.3182
377.363
0
86.3145
0
-40.3953
-95.3182
377.039
0
86.3145
0
-45.1294
-95.3182
376.734
0
86.3145
0
-50.168
-95.3182
376.41
0
86.3145
0
-55.215
-95.3182
376.085
0
86.3145
0
-60.2706
-95.3182
375.759
0
86.3145
0
-65.0367
-95.3182
375.452
0
86.3145
0
-70.1092
-95.3182
375.125
0
86.3145
0
-74.8913
-95.3182
374.817
0
86.3145
0
-79.9807
-95.3182
374.489
0
86.3145
0
-85.0787
-95.3182
374.161
0
86.3145
0
-89.8847
-95.3182
373.851
0
86.3145
0
-94.6987
-95.3182
373.541
0
86.3145
0
-100.123
-95.3182
373.192
0
86.3145
0
-105.255
-95.3182
372.861
0
86.3145
0
-110.093
-95.3182
372.55
0
86.3145
0
-115.242
-95.3182
372.218
0
86.3145
0
-120.096
-95.3182
371.905
0
86.3145
0
-124.958
-95.3182
371.592
0
86.3145
0
-130.132
-95.3182
371.259
0
86.3145
0
-135.62
-95.3182
370.906
0
86.3145
0
-140.506
-95.3182
370.591
0
86.3145
0
-145.706
-95.3182
370.256
0
86.3145
0
-150.914
-95.3182
369.92
0
86.3145
0
-156.13
-95.3182
369.584
0
86.3145
0
-161.048
-95.3182
369.268
0
86.3145
0
-165.974
-95.3182
368.95
0
86.3145
0
-171.216
-95.3182
368.613
0
86.3145
0
-176.467
-95.3182
368.274
0
86.3145
0
-181.726
-95.3182
367.936
0
86.3145
0
-186.684
-95.3182
367.616
0
81.3385
0
-191.603
-95.3182
366.867
0
76.3545
0
-196.749
-95.3182
365.618
0
71.0505
0
-201.765
-95.3182
363.895
0
65.738
0
-207.179
-95.3182
361.456
0
59.791
0
-211.506
-95.3182
358.936
0
54.775
0
-215.86
-95.3182
355.862
0
49.437
0
-219.915
-95.3182
352.391
0
44.0905
0
-223.417
-95.3182
348.776
0
39.0505
0
-226.79
-95.3182
344.618
0
33.687
0
-229.765
-95.3182
340.155
0
28.315
0
-232.163
-95.3182
335.704
0
23.251
0
-234.287
-95.3182
330.76
0
23.251
0
-236.415
-95.3182
325.809
0
23.251
0
-238.545
-95.3182
320.85
0
23.251
0
-240.554
-95.3182
316.175
0
23.251
0
-242.691
-95.3182
311.2
0
23.251
0
-244.706
-95.3182
306.511
0
23.251
0
-246.85
-95.3182
301.521
0
23.251
0
-248.998
-95.3182
296.522
0
23.251
0
-251.022
-95.3182
291.811
0
23.251
0
-253.176
-95.3182
286.797
0
23.251
0
-255.334
-95.3182
281.776
0
23.251
0
-257.495
-95.3182
276.746
0
17.7685
0
-259.069
-95.3182
271.832
0
12.6005
0
-260.267
-95.3182
266.474
0
7.10098
0
-260.907
-95.3182
261.337
0
1.91698
0
-261.091
-95.3182
255.832
0
359
0
-260.995
-95.3182
250.317
0
353.475
0
-260.404
-95.3182
245.15
0
348.267
0
-259.279
-95.3182
239.732
0
342.725
0
-257.633
-95.3182
234.44
0
337.174
0
-255.48
-95.3182
229.325
0
331.616
0
-252.993
-95.3182
224.722
0
326.376
0
-249.91
-95.3182
220.086
0
320.8
0
-246.593
-95.3182
216.019
0
315.544
0
-242.682
-95.3182
212.033
0
309.951
0
-238.394
-95.3182
208.441
0
304.349
0
-233.77
-95.3182
205.281
0
298.739
0
-229.14
-95.3182
202.742
0
293.451
0
-224.063
-95.3182
200.54
0
287.918
0
-219.184
-95.3182
198.962
0
282.79
0
-213.954
-95.3182
197.775
0
282.79
0
-208.806
-95.3182
196.606
0
282.79
0
-204.04
-95.3182
195.524
0
282.79
0
-199.058
-95.3182
194.393
0
282.79
0
-194.159
-95.3182
193.281
0
282.79
0
-189.626
-95.3182
192.252
0
282.79
0
-184.893
-95.3182
191.178
0
282.79
0
-180.243
-95.3182
190.122
0
278.021
0
-175.878
-95.3182
189.507
0
273.613
0
-171.289
-95.3182
189.218
0
269.015
0
-166.776
-95.3182
189.295
0
264.501
0
-162.368
-95.3182
189.72
0
260.073
0
-158.089
-95.3182
190.468
0
255.729
0
-154.205
-95.3182
191.456
0
255.729
0
-150.398
-95.3182
192.425
0
255.729
0
-146.436
-95.3182
193.433
0
255.729
0
-142.556
-95.3182
194.419
0
255.729
0
-138.982
-95.3182
195.329
0
255.729
0
-135.267
-95.3182
196.274
0
255.729
0
-131.634
-95.3182
197.198
0
255.729
0
-128.292
-95.3182
198.048
0
255.729
0
-124.824
-95.3182
198.93
0
255.729
0
-121.438
-95.3182
199.791
0
259.223
0
-118.09
-95.3182
200.428
0
262.631
0
-114.988
-95.3182
200.829
0
265.759
0
-111.758
-95.3182
201.069
0
265.759
0
-108.798
-95.3182
201.288
0
265.759
0
-105.738
-95.3182
201.515
0
265.759
0
-102.763
-95.3182
201.736
0
265.759
0
-100.042
-95.3182
201.938
0
265.759
0
-97.0715
-95.3182
202.158
0
265.759
0
-94.5106
-95.3182
202.348
0
265.759
0
-92.0294
-95.3182
202.532
0
265.759
0
-89.4779
-95.3182
202.721
0
265.759
0
-86.9264
-95.3182
202.91
0
265.759
0
-84.525
-95.3182
203.088
0
265.759
0
-81.9735
-95.3182
203.278
0
268.318
0
-79.4161
-95.3182
203.353
0
270.876
0
-77.0084
-95.3182
203.316
0
273.284
0
-74.4541
-95.3182
203.169
0
275.843
0
-71.9089
-95.3182
202.909
0
278.401
0
-69.5267
-95.3182
202.557
0
280.809
0
-67.0136
-95.3182
202.077
0
280.809
0
-64.5005
-95.3182
201.598
0
280.809
0
-61.9874
-95.3182
201.118
0
280.809
0
-59.6221
-95.3182
200.666
0
280.809
0
-57.109
-95.3182
200.186
0
280.809
0
-54.5959
-95.3182
199.707
0
280.809
0
-52.2306
-95.3182
199.255
0
280.809
0
-49.7175
-95.3182
198.775
0
280.809
0
-47.3522
-95.3182
198.324
0
280.809
0
-44.8391
-95.3182
197.844
0
280.809
0
-42.326
-95.3182
197.364
0
280.809
0
-39.9608
-95.3182
196.912
0
280.809
0
-37.4477
-95.3182
196.433
0
280.809
0
-34.9345
-95.3182
195.953
0
280.809
0
-32.5693
-95.3182
195.501
0
283.217
0
-30.0785
-95.3182
194.916
0
285.776
0
-27.6164
-95.3182
194.221
0
288.334
0
-25.3306
-95.3182
193.463
0
290.742
0
-22.938
-95.3182
192.557
0
293.301
0
-20.5881
-95.3182
191.545
0
295.859
0
-18.2858
-95.3182
190.429
0
295.859
0
-16.1189
-95.3182
189.379
0
295.859
0
-13.952
-95.3182
188.329
0
295.859
0
-11.6497
-95.3182
187.213
0
295.859
0
-9.34741
-95.3182
186.097
0
295.859
0
-7.0451
-95.3182
184.981
0
295.859
0
-4.87821
-95.3182
183.931
0
295.859
0
-2.57589
-95.3182
182.815
0
295.859
0
-0.409008
-95.3182
181.764
0
295.859
0
1.89331
-95.3182
180.649
0
295.859
0
4.19563
-95.3182
179.533
0
295.859
0
6.49794
-95.3182
178.417
0
295.859
0
8.66483
-95.3182
177.366
0
295.859
0
10.9671
-95.3182
176.251
0
295.859
0
13.2695
-95.3182
175.135
0
295.859
0
15.5718
-95.3182
174.019
0
295.859
0
17.7387
-95.3182
172.968
0
295.859
0
20.041
-95.3182
171.853
0
295.859
0
22.2079
-95.3182
170.802
0
295.859
0
24.5102
-95.3182
169.686
0
298.418
0
26.7604
-95.3182
168.469
0
300.976
0
28.825
-95.3182
167.229
0
303.384
0
30.9613
-95.3182
165.822
0
305.943
0
33.0327
-95.3182
164.32
0
308.501
0
34.9172
-95.3182
162.821
0
308.501
0
37.0373
-95.3182
161.134
0
308.501
0
38.9217
-95.3182
159.635
0
308.501
0
40.6885
-95.3182
158.23
0
308.501
0
42.573
-95.3182
156.731
0
308.501
0
44.5752
-95.3182
155.138
0
308.501
0
46.5775
-95.3182
153.545
0
308.501
0
48.462
-95.3182
152.046
0
308.501
0
50.5821
-95.3182
150.36
0
308.501
0
52.4665
-95.3182
148.861
0
308.501
0
54.351
-95.3182
147.362
0
308.501
0
56.3533
-95.3182
145.769
0
308.501
0
58.3556
-95.3182
144.176
0
308.501
0
60.3579
-95.3182
142.584
0
308.501
0
62.2424
-95.3182
141.085
0
308.501
0
64.1269
-95.3182
139.586
0
308.501
0
66.2469
-95.3182
137.899
0
308.501
0
68.1314
-95.3182
136.4
0
308.501
0
70.1337
-95.3182
134.807
0
308.501
0
72.0182
-95.3182
133.308
0
308.501
0
74.0204
-95.3182
131.716
0
308.501
0
76.0227
-95.3182
130.123
0
308.501
0
77.9072
-95.3182
128.624
0
310.909
0
79.8408
-95.3182
126.948
0
313.468
0
81.6977
-95.3182
125.188
0
316.026
0
83.5786
-95.3182
123.239
0
318.735
0
85.1668
-95.3182
121.429
0
321.143
0
86.6775
-95.3182
119.554
0
323.551
0
88.1975
-95.3182
117.495
0
326.11
0
89.5403
-95.3182
115.497
0
328.518
0
90.8764
-95.3182
113.315
0
331.076
0
92.1138
-95.3182
111.075
0
333.635
0
93.1832
-95.3182
108.918
0
336.043
0
94.161
-95.3182
106.717
0
338.451
0
95.1007
-95.3182
104.338
0
341.009
0
95.9333
-95.3182
101.918
0
343.568
0
96.6145
-95.3182
99.6087
0
345.975
0
97.2345
-95.3182
97.1265
0
348.534
0
97.7431
-95.3182
94.6191
0
351.092
0
98.1393
-95.3182
92.0914
0
353.651
0
98.4056
-95.3182
89.6982
0
356.059
0
98.5814
-95.3182
87.1457
0
358.617
0
98.6432
-95.3182
84.588
0
0
0
98.6432
-95.3182
82.0295
0
2.5585
0
98.5357
-95.3182
79.6239
0
4.9665
0
98.3272
-95.3182
77.2249
0
7.3745
0
97.9795
-95.3182
74.5383
0
10.0835
0
97.5579
-95.3182
72.1675
0
12.4915
0
97.0045
-95.3182
69.6696
0
15.05
0
96.3402
-95.3182
67.1989
0
17.6085
0
95.6117
-95.3182
64.9037
0
20.0165
0
94.736
-95.3182
62.4998
0
22.575
0
93.8116
-95.3182
60.2763
0
24.983
0
92.731
-95.3182
57.9571
0
27.5415
0
91.548
-95.3182
55.6886
0
30.1
0
90.2649
-95.3182
53.4751
0
32.6585
0
88.9654
-95.3182
51.4478
0
35.0665
0
87.4955
-95.3182
49.3537
0
37.625
0
86.0254
-95.3182
47.4465
0
40.033
0
84.3797
-95.3182
45.4875
0
42.5915
0
82.7501
-95.3182
43.7148
0
44.9995
0
80.941
-95.3182
41.9056
0
47.558
0
79.0529
-95.3182
40.179
0
50.1165
0
77.0896
-95.3182
38.5385
0
52.675
0
75.1748
-95.3182
37.0784
0
55.083
0
73.0769
-95.3182
35.6139
0
57.6415
0
71.0428
-95.3182
34.3251
0
60.0495
0
68.826
-95.3182
33.0478
0
62.608
0
66.5543
-95.3182
31.8707
0
65.1665
0
64.2324
-95.3182
30.7962
0
67.725
0
61.8648
-95.3182
29.8264
0
70.2835
0
59.598
-95.3182
29.014
0
72.6915
0
57.1554
-95.3182
28.2528
0
75.25
0
54.6812
-95.3182
27.6014
0
75.25
0
52.3525
-95.3182
26.9883
0
75.25
0
50.0239
-95.3182
26.3752
0
75.25
0
47.5497
-95.3182
25.7238
0
75.25
0
45.0755
-95.3182
25.0724
0
75.25
0
42.6013
-95.3182
24.421
0
75.25
0
39.9816
-95.3182
23.7313
0
75.25
0
37.653
-95.3182
23.1182
0
75.25
0
35.1788
-95.3182
22.4668
0
75.25
0
32.7046
-95.3182
21.8154
0
75.25
0
30.3759
-95.3182
21.2024
0
75.25
0
27.9018
-95.3182
20.551
0
75.25
0
25.4276
-95.3182
19.8996
0
75.25
0
23.0989
-95.3182
19.2865
0
75.25
0
20.6247
-95.3182
18.6351
0
75.25
0
18.2961
-95.3182
18.022
0
75.25
0
15.8219
-95.3182
17.3706
0
75.25
0
13.3477
-95.3182
16.7192
0
75.25
0
11.0191
-95.3182
16.1061
0
75.25
0
8.54488
-95.3182
15.4547
0
75.25
0
6.07069
-95.3182
14.8033
0
75.25
0
3.59651
-95.3182
14.1519
0
75.25
0
1.12232
-95.3182
13.5005
0
75.25
0
-1.20633
-95.3182
12.8874
0
75.25
0
-3.68051
-95.3182
12.236
0
75.25
0
-6.00916
-95.3182
11.623
0
75.25
0
-8.48335
-95.3182
10.9716
0
75.25
0
-10.9575
-95.3182
10.3202
0
75.25
0
-13.4317
-95.3182
9.66876
0
75.25
0
-15.6148
-95.3182
9.094
0
75.25
0
-18.089
-95.3182
8.4426
0
75.25
0
-20.5632
-95.3182
7.7912
0
75.25
0
-22.7463
-95.3182
7.21643
0
75.25
0
-25.075
-95.3182
6.60335
0
75.25
0
-27.5491
-95.3182
5.95195
0
75.25
0
-30.0233
-95.3182
5.30056
0
75.25
0
-32.352
-95.3182
4.68747
0
77.658
0
-34.8513
-95.3182
4.1406
0
80.2165
0
-37.3726
-95.3182
3.70585
0
82.775
0
-39.7615
-95.3182
3.403
0
85.183
0
-42.311
-95.3182
3.18816
0
85.183
0
-44.8605
-95.3182
2.97331
0
85.183
0
-47.2599
-95.3182
2.7711
0
85.183
0
-49.8094
-95.3182
2.55626
0
85.183
0
-52.3589
-95.3182
2.34141
0
85.183
0
-54.7584
-95.3182
2.1392
0
85.183
0
-57.3078
-95.3182
1.92436
0
85.183
0
-59.8573
-95.3182
1.70951
0
85.183
0
-62.2568
-95.3182
1.5073
0
85.183
0
-64.8063
-95.3182
1.29245
0
85.183
0
-67.2058
-95.3182
1.09025
0
85.183
0
-69.7552
-95.3182
0.8754
0
85.183
0
-72.3047
-95.3182
0.660554
0
85.183
0
-74.7042
-95.3182
0.458346
0
85.183
0
-77.2536
-95.3182
0.243499
0
85.183
0
-79.8031
-95.3182
0.028653
0
85.183
0
-82.3526
-95.3182
-0.186193
0
85.183
0
-84.7521
-95.3182
-0.388402
0
85.183
0
-87.3016
-95.3182
-0.603248
0
85.183
0
-89.851
-95.3182
-0.818094
0
85.183
0
-92.2505
-95.3182
-1.0203
0
85.183
0
-94.8
-95.3182
-1.23515
0
85.183
0
-97.1995
-95.3182
-1.43736
0
85.183
0
-99.749
-95.3182
-1.6522
0
85.183
0
-102.298
-95.3182
-1.86705
0
85.183
0
-104.698
-95.3182
-2.06926
0
85.183
0
-107.247
-95.3182
-2.2841
0
85.183
0
-109.797
-95.3182
-2.49895
0
85.183
0
-112.196
-95.3182
-2.70116
0
85.183
0
-114.746
-95.3182
-2.91601
0
85.183
0
-117.295
-95.3182
-3.13085
0
85.183
0
-119.695
-95.3182
-3.33306
0
85.183
0
-122.244
-95.3182
-3.54791
0
85.183
0
-124.794
-95.3182
-3.76275
0
85.183
0
-127.343
-95.3182
-3.9776
0
85.183
0
-129.743
-95.3182
-4.17981
0
85.183
0
-132.292
-95.3182
-4.39466
0
85.183
0
-134.842
-95.3182
-4.6095
0
85.183
0
-137.241
-95.3182
-4.81171
0
85.183
0
-139.791
-95.3182
-5.02656
0
85.183
0
-142.19
-95.3182
-5.22876
0
85.183
0
-144.889
-95.3182
-5.45625
0
85.183
0
-147.289
-95.3182
-5.65846
0
85.183
0
-149.688
-95.3182
-5.86067
0
85.183
0
-152.238
-95.3182
-6.07551
0
85.183
0
-154.787
-95.3182
-6.29036
0
85.183
0
-157.337
-95.3182
-6.5052
0
85.183
0
-159.736
-95.3182
-6.70741
0
85.183
0
-162.286
-95.3182
-6.92226
0
85.183
0
-164.835
-95.3182
-7.1371
0
85.183
0
-167.235
-95.3182
-7.33931
0
85.183
0
-169.784
-95.3182
-7.55416
0
85.183
0
-172.184
-95.3182
-7.75637
0
85.183
0
-174.733
-95.3182
-7.97121
0
85.183
0
-177.283
-95.3182
-8.18606
0
85.183
0
-179.682
-95.3182
-8.38827
0
82.775
0
-182.22
-95.3182
-8.71004
0
80.2165
0
-184.742
-95.3182
-9.1448
0
77.658
0
-187.094
-95.3182
-9.6595
0
75.25
0
-189.568
-95.3182
-10.3109
0
72.6915
0
-192.011
-95.3182
-11.0721
0
70.133
0
-194.417
-95.3182
-11.9416
0
67.5745
0
-196.643
-95.3182
-12.8602
0
65.1665
0
-199.238
-95.3182
-14.0611
0
62.307
0
-201.504
-95.3182
-15.2501
0
59.7485
0
-203.714
-95.3182
-16.5391
0
59.7485
0
-205.794
-95.3182
-17.7523
0
59.7485
0
-208.004
-95.3182
-19.0412
0
59.7485
0
-210.084
-95.3182
-20.2544
0
59.7485
0
-212.294
-95.3182
-21.5433
0
59.7485
0
-214.504
-95.3182
-22.8323
0
59.7485
0
-216.584
-95.3182
-24.0454
0
59.7485
0
-218.794
-95.3182
-25.3344
0
59.7485
0
-221.004
-95.3182
-26.6234
0
59.7485
0
-223.084
-95.3182
-27.8365
0
59.7485
0
-225.294
-95.3182
-29.1255
0
59.7485
0
-227.505
-95.3182
-30.4144
0
57.19
0
-229.655
-95.3182
-31.8008
0
54.6315
0
-231.618
-95.3182
-33.1946
0
52.2235
0
-233.641
-95.3182
-34.7619
0
49.665
0
-235.591
-95.3182
-36.4179
0
47.1065
0
-237.355
-95.3182
-38.0569
0
44.6985
0
-239.155
-95.3182
-39.8755
0
42.14
0
-240.871
-95.3182
-41.7726
0
39.5815
0
-242.406
-95.3182
-43.6285
0
37.1735
0
-243.952
-95.3182
-45.6672
0
34.615
0
-245.319
-95.3182
-47.6489
0
32.207
0
-246.683
-95.3182
-49.8137
0
29.6485
0
-247.949
-95.3182
-52.0373
0
27.09
0
-249.045
-95.3182
-54.1811
0
24.682
0
-250.114
-95.3182
-56.5059
0
22.1235
0
-251.021
-95.3182
-58.7366
0
19.7155
0
-251.782
-95.3182
-60.8617
0
17.458
0
-252.55
-95.3182
-63.3024
0
14.8995
0
-253.208
-95.3182
-65.7749
0
12.341
0
-253.722
-95.3182
-68.1272
0
12.341
0
-254.269
-95.3182
-70.6266
0
12.341
0
-254.784
-95.3182
-72.979
0
12.341
0
-255.331
-95.3182
-75.4783
0
12.341
0
-255.877
-95.3182
-77.9777
0
12.341
0
-256.392
-95.3182
-80.3301
0
12.341
0
-256.971
-95.3182
-82.9765
0
12.341
0
-257.486
-95.3182
-85.3289
0
12.341
0
-258.033
-95.3182
-87.8282
0
12.341
0
-258.547
-95.3182
-90.1806
0
9.933
0
-258.989
-95.3182
-92.7007
0
7.3745
0
-259.317
-95.3182
-95.2381
0
4.816
0
-259.519
-95.3182
-97.6376
0
2.408
0
-259.627
-95.3182
-100.194
0
-0.150499
0
-259.62
-95.3182
-102.752
0
359
0
-259.578
-95.3182
-105.16
0
356.592
0
-259.426
-95.3182
-107.714
0
354.034
0
-259.175
-95.3182
-110.109
0
351.626
0
-258.803
-95.3182
-112.64
0
349.067
0
-258.318
-95.3182
-115.152
0
346.509
0
-257.756
-95.3182
-117.494
0
344.101
0
-257.055
-95.3182
-119.954
0
341.542
0
-256.245
-95.3182
-122.381
0
338.984
0
-255.381
-95.3182
-124.629
0
336.576
0
-254.245
-95.3182
-127.253
0
333.716
0
-253.112
-95.3182
-129.547
0
333.716
0
-251.979
-95.3182
-131.841
0
333.716
0
-250.846
-95.3182
-134.135
0
333.716
0
-249.779
-95.3182
-136.294
0
333.716
0
-248.646
-95.3182
-138.588
0
333.716
0
-247.58
-95.3182
-140.747
0
333.716
0
-246.447
-95.3182
-143.041
0
333.716
0
-245.314
-95.3182
-145.335
0
333.716
0
-244.248
-95.3182
-147.494
0
331.308
0
-243.02
-95.3182
-149.738
0
328.75
0
-241.692
-95.3182
-151.926
0
326.191
0
-240.352
-95.3182
-153.926
0
323.783
0
-238.841
-95.3182
-155.991
0
321.225
0
-237.238
-95.3182
-157.985
0
318.666
0
-235.648
-95.3182
-159.793
0
316.258
0
-233.879
-95.3182
-161.642
0
313.7
0
-232.029
-95.3182
-163.409
0
311.141
0
-230.216
-95.3182
-164.994
0
308.733
0
-228.22
-95.3182
-166.594
0
306.175
0
-226.155
-95.3182
-168.105
0
303.616
0
-224.149
-95.3182
-169.438
0
301.208
0
-221.961
-95.3182
-170.763
0
301.208
0
-219.773
-95.3182
-172.089
0
301.208
0
-217.713
-95.3182
-173.337
0
301.208
0
-215.525
-95.3182
-174.662
0
301.208
0
-213.466
-95.3182
-175.91
0
301.208
0
-211.277
-95.3182
-177.236
0
301.208
0
-209.089
-95.3182
-178.561
0
301.208
0
-206.901
-95.3182
-179.887
0
301.208
0
-204.841
-95.3182
-181.135
0
301.208
0
-202.653
-95.3182
-182.461
0
301.208
0
-200.465
-95.3182
-183.786
0
298.65
0
-198.352
-95.3182
-184.941
0
296.242
0
-196.057
-95.3182
-186.072
0
293.683
0
-193.714
-95.3182
-187.1
0
291.125
0
-191.468
-95.3182
-187.968
0
288.717
0
-189.044
-95.3182
-188.789
0
286.158
0
-186.587
-95.3182
-189.501
0
286.158
0
-184.274
-95.3182
-190.171
0
286.158
0
-181.817
-95.3182
-190.883
0
286.158
0
-179.504
-95.3182
-191.553
0
286.158
0
-177.046
-95.3182
-192.265
0
286.158
0
-174.589
-95.3182
-192.977
0
286.158
0
-172.276
-95.3182
-193.647
0
286.158
0
-169.819
-95.3182
-194.359
0
286.158
0
-167.361
-95.3182
-195.071
0
286.158
0
-164.904
-95.3182
-195.783
0
286.158
0
-162.591
-95.3182
-196.453
0
283.75
0
-160.106
-95.3182
-197.061
0
281.192
0
-157.744
-95.3182
-197.529
0
278.784
0
-155.215
-95.3182
-197.919
0
278.784
0
-152.687
-95.3182
-198.31
0
278.784
0
-150.307
-95.3182
-198.678
0
278.784
0
-147.778
-95.3182
-199.068
0
278.784
0
-145.25
-95.3182
-199.459
0
278.784
0
-142.721
-95.3182
-199.85
0
278.784
0
-140.193
-95.3182
-200.24
0
278.784
0
-137.813
-95.3182
-200.608
0
278.784
0
-135.433
-95.3182
-200.976
0
278.784
0
-132.905
-95.3182
-201.367
0
278.784
0
-130.376
-95.3182
-201.757
0
278.784
0
-127.997
-95.3182
-202.125
0
278.784
0
-125.468
-95.3182
-202.516
0
278.784
0
-122.94
-95.3182
-202.906
0
278.784
0
-120.56
-95.3182
-203.274
0
278.784
0
-118.031
-95.3182
-203.665
0
276.225
0
-115.488
-95.3182
-203.942
0
273.667
0
-113.085
-95.3182
-204.096
0
271.259
0
-110.527
-95.3182
-204.152
0
271.259
0
-107.969
-95.3182
-204.209
0
271.259
0
-105.562
-95.3182
-204.261
0
271.259
0
-103.004
-95.3182
-204.318
0
271.259
0
-100.446
-95.3182
-204.374
0
271.259
0
-98.0385
-95.3182
-204.427
0
271.259
0
-95.4806
-95.3182
-204.483
0
271.259
0
-93.0732
-95.3182
-204.536
0
271.259
0
-90.3649
-95.3182
-204.595
0
271.259
0
-87.9575
-95.3182
-204.648
0
271.259
0
-85.3996
-95.3182
-204.704
0
271.259
0
-82.8417
-95.3182
-204.761
0
271.259
0
-80.4343
-95.3182
-204.813
0
271.259
0
-77.8764
-95.3182
-204.87
0
271.259
0
-75.3185
-95.3182
-204.926
0
271.259
0
-72.9111
-95.3182
-204.979
0
271.259
0
-70.3532
-95.3182
-205.035
0
271.259
0
-67.9458
-95.3182
-205.088
0
271.259
0
-65.3879
-95.3182
-205.144
0
271.259
0
-62.83
-95.3182
-205.2
0
271.259
0
-60.4226
-95.3182
-205.253
0
271.259
0
-57.8647
-95.3182
-205.309
0
271.259
0
-55.3068
-95.3182
-205.366
0
268.7
0
-52.8995
-95.3182
-205.311
0
266.292
0
-50.3463
-95.3182
-205.145
0
263.734
0
-47.8031
-95.3182
-204.866
0
263.734
0
-45.4095
-95.3182
-204.603
0
263.734
0
-42.8663
-95.3182
-204.324
0
263.734
0
-40.3231
-95.3182
-204.045
0
263.734
0
-37.9295
-95.3182
-203.782
0
263.734
0
-35.3862
-95.3182
-203.503
0
263.734
0
-32.843
-95.3182
-203.223
0
263.734
0
-30.4494
-95.3182
-202.961
0
263.734
0
-27.9062
-95.3182
-202.681
0
263.734
0
-25.363
-95.3182
-202.402
0
263.734
0
-22.9694
-95.3182
-202.139
0
263.734
0
-20.4262
-95.3182
-201.86
0
263.734
0
-17.8829
-95.3182
-201.581
0
263.734
0
-15.3397
-95.3182
-201.302
0
263.734
0
-12.9461
-95.3182
-201.039
0
263.734
0
-10.4029
-95.3182
-200.759
0
263.734
0
-7.85969
-95.3182
-200.48
0
263.734
0
-5.46608
-95.3182
-200.217
0
263.734
0
-2.92287
-95.3182
-199.938
0
263.734
0
-0.529254
-95.3182
-199.675
0
263.734
0
2.01396
-95.3182
-199.396
0
263.734
0
4.55717
-95.3182
-199.117
0
263.734
0
6.95079
-95.3182
-198.854
0
263.734
0
9.494
-95.3182
-198.575
0
263.734
0
11.8876
-95.3182
-198.312
0
263.734
0
14.4308
-95.3182
-198.033
0
263.734
0
16.974
-95.3182
-197.753
0
263.734
0
19.3676
-95.3182
-197.49
0
263.734
0
21.9109
-95.3182
-197.211
0
263.734
0
24.4541
-95.3182
-196.932
0
263.734
0
26.8477
-95.3182
-196.669
0
263.734
0
29.3909
-95.3182
-196.39
0
263.734
0
31.7845
-95.3182
-196.127
0
263.734
0
34.3277
-95.3182
-195.848
0
263.734
0
36.8709
-95.3182
-195.569
0
263.734
0
39.2646
-95.3182
-195.306
0
263.734
0
41.6582
-95.3182
-195.043
0
263.734
0
43.9022
-95.3182
-194.796
0
263.734
0
46.4454
-95.3182
-194.517
0
263.734
0
48.839
-95.3182
-194.254
0
263.734
0
51.2326
-95.3182
-193.992
0
263.734
0
53.7758
-95.3182
-193.712
0
263.734
0
56.319
-95.3182
-193.433
0
263.734
0
58.7127
-95.3182
-193.17
0
263.734
0
61.2559
-95.3182
-192.891
0
263.734
0
63.7991
-95.3182
-192.612
0
263.734
0
66.3423
-95.3182
-192.332
0
263.734
0
68.7359
-95.3182
-192.07
0
263.734
0
71.2791
-95.3182
-191.79
0
263.734
0
73.6727
-95.3182
-191.527
0
263.734
0
76.216
-95.3182
-191.248
0
263.734
0
78.7592
-95.3182
-190.969
0
263.734
0
81.452
-95.3182
-190.673
0
263.734
0
83.8456
-95.3182
-190.41
0
263.734
0
86.2392
-95.3182
-190.148
0
263.734
0
88.6328
-95.3182
-189.885
0
263.734
0
91.176
-95.3182
-189.606
0
263.734
0
93.7193
-95.3182
-189.326
0
263.734
0
96.2625
-95.3182
-189.047
0
263.734
0
98.6561
-95.3182
-188.784
0
263.734
0
101.199
-95.3182
-188.505
0
263.734
0
103.593
-95.3182
-188.242
0
263.734
0
106.136
-95.3182
-187.963
0
263.734
0
108.679
-95.3182
-187.684
0
263.734
0
111.223
-95.3182
-187.404
0
263.734
0
113.766
-95.3182
-187.125
0
263.734
0
116.159
-95.3182
-186.862
0
263.734
0
118.553
-95.3182
-186.599
0
263.734
0
121.096
-95.3182
-186.32
0
263.734
0
123.639
-95.3182
-186.041
0
261.175
0
126.168
-95.3182
-185.648
0
258.617
0
128.528
-95.3182
-185.173
0
256.209
0
131.013
-95.3182
-184.563
0
253.65
0
133.468
-95.3182
-183.843
0
251.092
0
135.746
-95.3182
-183.063
0
248.684
0
138.13
-95.3182
-182.133
0
248.684
0
140.373
-95.3182
-181.257
0
248.684
0
142.756
-95.3182
-180.327
0
248.684
0
145.14
-95.3182
-179.397
0
248.684
0
147.523
-95.3182
-178.467
0
248.684
0
149.766
-95.3182
-177.592
0
248.684
0
152.15
-95.3182
-176.662
0
248.684
0
154.393
-95.3182
-175.786
0
248.684
0
156.777
-95.3182
-174.856
0
248.684
0
159.16
-95.3182
-173.926
0
248.684
0
161.544
-95.3182
-172.996
0
248.684
0
163.787
-95.3182
-172.121
0
248.684
0
166.17
-95.3182
-171.191
0
248.684
0
168.554
-95.3182
-170.261
0
248.684
0
170.797
-95.3182
-169.385
0
248.684
0
173.181
-95.3182
-168.455
0
248.684
0
175.424
-95.3182
-167.58
0
246.276
0
178.042
-95.3182
-166.429
0
243.416
0
180.195
-95.3182
-165.352
0
241.008
0
182.565
-95.3182
-164.039
0
238.299
0
184.742
-95.3182
-162.694
0
235.741
0
186.856
-95.3182
-161.254
0
235.741
0
188.846
-95.3182
-159.899
0
235.741
0
190.961
-95.3182
-158.458
0
235.741
0
192.951
-95.3182
-157.103
0
235.741
0
195.066
-95.3182
-155.662
0
235.741
0
197.056
-95.3182
-154.307
0
235.741
0
199.171
-95.3182
-152.867
0
235.741
0
201.285
-95.3182
-151.426
0
235.741
0
203.4
-95.3182
-149.986
0
235.741
0
205.39
-95.3182
-148.63
0
235.741
0
207.505
-95.3182
-147.19
0
235.741
0
209.495
-95.3182
-145.835
0
235.741
0
211.609
-95.3182
-144.394
0
235.741
0
213.724
-95.3182
-142.954
0
235.741
0
215.714
-95.3182
-141.599
0
235.741
0
217.829
-95.3182
-140.158
0
233.182
0
219.877
-95.3182
-138.625
0
230.624
0
221.855
-95.3182
-137.002
0
228.065
0
223.758
-95.3182
-135.292
0
225.507
0
225.476
-95.3182
-133.604
0
223.099
0
227.121
-95.3182
-131.846
0
223.099
0
228.869
-95.3182
-129.978
0
223.099
0
230.514
-95.3182
-128.22
0
223.099
0
232.262
-95.3182
-126.352
0
223.099
0
234.113
-95.3182
-124.374
0
223.099
0
235.759
-95.3182
-122.615
0
223.099
0
237.507
-95.3182
-120.747
0
223.099
0
239.255
-95.3182
-118.879
0
223.099
0
240.9
-95.3182
-117.121
0
223.099
0
242.545
-95.3182
-115.362
0
223.099
0
244.294
-95.3182
-113.494
0
223.099
0
246.042
-95.3182
-111.626
0
223.099
0
247.687
-95.3182
-109.868
0
223.099
0
249.435
-95.3182
-108
0
223.099
0
251.183
-95.3182
-106.131
0
223.099
0
252.828
-95.3182
-104.373
0
223.099
0
254.577
-95.3182
-102.505
0
223.099
0
256.325
-95.3182
-100.637
0
223.099
0
257.97
-95.3182
-98.8786
0
223.099
0
259.718
-95.3182
-97.0104
0
223.099
0
261.466
-95.3182
-95.1422
0
220.54
0
263.031
-95.3182
-93.3123
0
218.132
0
264.518
-95.3182
-91.4182
0
218.132
0
266.191
-95.3182
-89.2873
0
218.132
0
267.771
-95.3182
-87.2748
0
218.132
0
269.351
-95.3182
-85.2623
0
218.132
0
270.837
-95.3182
-83.3682
0
218.132
0
272.417
-95.3182
-81.3558
0
218.132
0
273.904
-95.3182
-79.4617
0
218.132
0
275.484
-95.3182
-77.4492
0
218.132
0
276.971
-95.3182
-75.5551
0
218.132
0
278.551
-95.3182
-73.5426
0
218.132
0
280.13
-95.3182
-71.5301
0
218.132
0
281.617
-95.3182
-69.636
0
218.132
0
283.197
-95.3182
-67.6235
0
218.132
0
284.777
-95.3182
-65.611
0
218.132
0
286.264
-95.3182
-63.7169
0
218.132
0
287.844
-95.3182
-61.7044
0
218.132
0
289.423
-95.3182
-59.692
0
218.132
0
290.91
-95.3182
-57.7979
0
218.132
0
292.49
-95.3182
-55.7854
0
215.574
0
293.979
-95.3182
-53.7044
0
213.015
0
295.373
-95.3182
-51.559
0
210.457
0
296.593
-95.3182
-49.4833
0
210.457
0
297.89
-95.3182
-47.2778
0
210.457
0
299.111
-95.3182
-45.2021
0
210.457
0
300.484
-95.3182
-42.8669
0
210.457
0
301.704
-95.3182
-40.7911
0
210.457
0
303.001
-95.3182
-38.5857
0
210.457
0
304.222
-95.3182
-36.51
0
210.457
0
305.442
-95.3182
-34.4342
0
210.457
0
306.739
-95.3182
-32.2288
0
210.457
0
308.036
-95.3182
-30.0233
0
207.898
0
309.233
-95.3182
-27.7622
0
205.34
0
310.328
-95.3182
-25.4498
0
202.781
0
311.319
-95.3182
-23.0909
0
200.223
0
312.151
-95.3182
-20.8313
0
200.223
0
313.036
-95.3182
-18.4305
0
200.223
0
313.868
-95.3182
-16.171
0
200.223
0
314.753
-95.3182
-13.7702
0
200.223
0
315.585
-95.3182
-11.5106
0
200.223
0
316.521
-95.3182
-8.96863
0
200.223
0
317.406
-95.3182
-6.56784
0
200.223
0
318.238
-95.3182
-4.30828
0
200.223
0
319.123
-95.3182
-1.90749
0
200.223
0
319.955
-95.3182
0.352071
0
200.223
0
320.839
-95.3182
2.75286
0
200.223
0
321.724
-95.3182
5.15364
0
200.223
0
322.556
-95.3182
7.41321
0
200.223
0
323.441
-95.3182
9.81399
0
200.223
0
324.325
-95.3182
12.2148
0
200.223
0
325.157
-95.3182
14.4743
0
200.223
0
325.938
-95.3182
16.5927
0
200.223
0
326.822
-95.3182
18.9935
0
200.223
0
327.654
-95.3182
21.253
0
200.223
0
328.539
-95.3182
23.6538
0
200.223
0
329.371
-95.3182
25.9134
0
200.223
0
330.256
-95.3182
28.3142
0
200.223
0
331.088
-95.3182
30.5737
0
200.223
0
331.972
-95.3182
32.9745
0
200.223
0
332.857
-95.3182
35.3753
0
200.223
0
333.689
-95.3182
37.6349
0
200.223
0
334.574
-95.3182
40.0357
0
200.223
0
335.47
-95.3182
42.4683
0
200.223
0
336.324
-95.3182
44.788
0
200.223
0
337.244
-95.3182
47.2845
0
197.528
0
338.008
-95.3182
49.7027
0
194.96
0
338.712
-95.3182
52.3387
0
192.198
0
339.296
-95.3182
55.0389
0
189.401
0
339.726
-95.3182
57.6355
0
186.737
0
340.058
-95.3182
60.4465
0
183.873
0
340.251
-95.3182
63.3044
0
183.873
0
340.447
-95.3182
66.1963
0
183.873
0
340.633
-95.3182
68.95
0
183.873
0
340.822
-95.3182
71.7356
0
183.873
0
341.025
-95.3182
74.7293
0
183.873
0
341.23
-95.3182
77.7569
0
183.873
0
341.437
-95.3182
80.8184
0
183.873
0
341.634
-95.3182
83.7317
0
183.873
0
341.833
-95.3182
86.677
0
183.873
0
342.048
-95.3182
89.8402
0
183.873
0
342.264
-95.3182
93.0374
0
183.873
0
342.483
-95.3182
96.2685
0
183.873
0
342.704
-95.3182
99.5335
0
183.873
0
342.927
-95.3182
102.832
0
183.873
0
343.139
-95.3182
105.969
0
180.697
0
343.18
-95.3182
109.344
0
177.288
0
343.029
-95.3182
112.548
0
174.048
0
342.672
-95.3182
115.972
0
170.572
0
342.136
-95.3182
119.2
0
167.268
0
341.362
-95.3182
122.624
0
163.723
0
340.369
-95.3182
126.026
0
163.723
0
339.425
-95.3182
129.259
0
163.723
0
338.353
-95.3182
132.931
0
163.723
0
337.391
-95.3182
136.225
0
163.723
0
336.359
-95.3182
139.758
0
163.723
0
335.318
-95.3182
143.324
0
163.723
0
334.267
-95.3182
146.922
0
163.723
0
333.332
-95.3182
150.126
0
163.723
0
332.262
-95.3182
153.79
0
163.723
0
331.183
-95.3182
157.486
0
163.723
0
330.094
-95.3182
161.215
0
163.723
0
329.061
-95.3182
164.755
0
163.723
0
327.953
-95.3182
168.549
0
163.723
0
326.901
-95.3182
172.15
0
163.723
0
325.774
-95.3182
176.01
0
163.723
0
324.638
-95.3182
179.902
0
159.635
0
323.215
-95.3182
183.735
0
159.635
0
321.78
-95.3182
187.599
0
159.635
0
320.334
-95.3182
191.496
0
159.635
0
318.961
-95.3182
195.194
0
159.635
0
317.578
-95.3182
198.921
0
155.627
0
315.717
-95.3182
203.028
0
151.109
0
313.655
-95.3182
206.764
0
151.109
0
311.59
-95.3182
210.508
0
151.109
0
309.52
-95.3182
214.258
0
151.109
0
307.446
-95.3182
218.017
0
151.109
0
305.49
-95.3182
221.561
0
151.109
0
303.408
-95.3182
225.334
0
151.109
0
301.444
-95.3182
228.892
0
151.109
0
299.354
-95.3182
232.68
0
151.109
0
297.26
-95.3182
236.475
0
151.109
0
295.161
-95.3182
240.278
0
151.109
0
293.058
-95.3182
244.089
0
151.109
0
290.952
-95.3182
247.906
0
151.109
0
289.089
-95.3182
251.282
0
151.109
0
286.974
-95.3182
255.114
0
151.109
0
284.855
-95.3182
258.954
0
151.109
0
282.732
-95.3182
262.802
0
151.109
0
280.604
-95.3182
266.657
0
151.109
0
278.598
-95.3182
270.292
0
151.109
0
276.589
-95.3182
273.934
0
151.109
0
274.449
-95.3182
277.812
0
151.109
0
272.305
-95.3182
281.697
0
151.109
0
270.157
-95.3182
285.589
0
146.655
0
267.709
-95.3182
289.309
0
142.192
0
265.134
-95.3182
292.628
0
137.984
0
262.142
-95.3182
295.95
0
133.505
0
258.893
-95.3182
299.033
0
129.017
0
255.611
-95.3182
301.693
0
129.017
0
252.117
-95.3182
304.523
0
129.017
0
248.823
-95.3182
307.193
0
129.017
0
245.11
-95.3182
310.201
0
129.017
0
241.803
-95.3182
312.88
0
129.017
0
238.49
-95.3182
315.565
0
129.017
0
234.963
-95.3182
318.422
0
124.469
0
231.214
-95.3182
320.996
0
119.913
0
227.265
-95.3182
323.268
0
115.349
0
223.383
-95.3182
325.107
0
111.045
0
219.115
-95.3182
326.75
0
106.463
0
214.98
-95.3182
327.972
0
106.463
0
210.578
-95.3182
329.272
0
106.463
0
206.168
-95.3182
330.576
0
106.463
0
201.75
-95.3182
331.881
0
106.463
0
197.584
-95.3182
333.112
0
106.463
0
193.149
-95.3182
334.423
0
106.463
0
188.968
-95.3182
335.658
0
106.463
0
184.517
-95.3182
336.974
0
106.463
0
180.058
-95.3182
338.291
0
106.463
0
175.854
-95.3182
339.534
0
106.463
0
171.379
-95.3182
340.856
0
106.463
0
166.896
-95.3182
342.181
0
106.463
0
162.404
-95.3182
343.508
0
106.463
0
158.169
-95.3182
344.76
0
106.463
0
153.661
-95.3182
346.092
0
106.463
0
149.411
-95.3182
347.348
0
106.463
0
144.887
-95.3182
348.685
0
106.463
0
140.355
-95.3182
350.024
0
106.463
0
135.814
-95.3182
351.366
0
106.463
0
131.533
-95.3182
352.631
0
106.463
0
126.977
-95.3182
353.978
0
106.463
0
122.68
-95.3182
355.247
0
106.463
0
117.838
-95.3182
356.678
0
106.463
0
113.527
-95.3182
357.952
0
106.463
0
108.937
-95.3182
359.308
0
106.463
0
104.61
-95.3182
360.587
0
106.463
0
100.005
-95.3182
361.948
0
106.463
0
95.391
-95.3182
363.312
0
106.463
0
90.7691
-95.3182
364.677
0
101.635
0
86.5966
-95.3182
365.537
0
97.3676
0
81.5179
-95.3182
366.193
0
97.3676
0
76.9956
-95.3182
366.778
0
97.3676
0
72.4653
-95.3182
367.364
0
97.3676
0
67.3598
-95.3182
368.024
0
97.3676
0
62.8136
-95.3182
368.612
0
97.3676
0
57.9749
-95.3182
369.237
0
97.3676
0
53.4129
-95.3182
369.827
0
97.3676
0
48.5573
-95.3182
370.455
0
97.3676
0
43.6933
-95.3182
371.084
0
97.3676
0
39.1075
-95.3182
371.677
0
97.3676
0
33.9395
-95.3182
372.345
0
97.3676
0
29.0502
-95.3182
372.978
0
97.3676
0
24.4406
-95.3182
373.574
0
97.3676
0
19.5344
-95.3182
374.208
0
97.3676
0
14.6198
-95.3182
374.843
0
97.3676
0
9.6968
-95.3182
375.48
0
97.3676
0
4.76535
-95.3182
376.118
0
97.3676
0
0.116055
-95.3182
376.719
0
97.3676
0
-4.83225
-95.3182
377.359
0
97.3676
0
-9.49741
-95.3182
377.962
0
97.3676
0
-14.4626
-95.3182
378.604
0
97.3676
0
-19.4362
-95.3182
379.247
0
97.3676
0
-24.1251
-95.3182
379.853
0
97.3676
0
-28.5285
-95.3182
380.423
0
97.3676
0
-33.5274
-95.3182
381.069
0
97.3676
0
-38.2401
-95.3182
381.678
0
97.3676
0
-43.2559
-95.3182
382.327
0
97.3676
0
-47.9845
-95.3182
382.938
0
97.3676
0
-53.0171
-95.3182
383.589
0
97.3676
0
-58.0582
-95.3182
384.241
0
97.3676
0
-62.8106
-95.3182
384.856
0
97.3676
0
-67.8685
-95.3182
385.51
0
92.2591
0
-72.973
-95.3182
385.711
0
87.1421
0
-78.0837
-95.3182
385.456
0
82.0166
0
-82.8609
-95.3182
384.786
0
77.1846
0
-87.867
-95.3182
383.647
0
72.0421
0
-92.4712
-95.3182
382.155
0
72.0421
0
-97.3713
-95.3182
380.567
0
72.0421
0
-102.279
-95.3182
378.976
0
72.0421
0
-106.906
-95.3182
377.476
0
72.0421
0
-111.831
-95.3182
375.88
0
72.0421
0
-116.763
-95.3182
374.282
0
72.0421
0
-121.413
-95.3182
372.775
0
72.0421
0
-126.362
-95.3182
371.171
0
72.0421
0
-131.318
-95.3182
369.564
0
72.0421
0
-135.991
-95.3182
368.05
0
72.0421
0
-140.964
-95.3182
366.438
0
72.0421
0
-145.652
-95.3182
364.919
0
72.0421
0
-150.641
-95.3182
363.302
0
72.0421
0
-155.638
-95.3182
361.682
0
72.0421
0
-160.643
-95.3182
360.06
0
72.0421
0
-165.361
-95.3182
358.531
0
72.0421
0
-170.383
-95.3182
356.903
0
72.0421
0
-175.412
-95.3182
355.273
0
72.0421
0
-180.153
-95.3182
353.736
0
72.0421
0
-184.902
-95.3182
352.197
0
72.0421
0
-189.956
-95.3182
350.559
0
72.0421
0
-195.018
-95.3182
348.919
0
72.0421
0
-200.088
-95.3182
347.276
0
72.0421
0
-205.166
-95.3182
345.63
0
72.0421
0
-209.952
-95.3182
344.078
0
67.0021
0
-214.882
-95.3182
341.986
0
61.6386
0
-219.879
-95.3182
339.288
0
55.9506
0
-224.33
-95.3182
336.281
0
50.5701
0
-228.486
-95.3182
332.863
0
45.1811
0
-232.309
-95.3182
329.065
0
45.1811
0
-235.912
-95.3182
325.484
0
45.1811
0
-239.747
-95.3182
321.674
0
45.1811
0
-243.362
-95.3182
318.082
0
45.1811
0
-247.208
-95.3182
314.259
0
45.1811
0
-251.061
-95.3182
310.431
0
45.1811
0
-254.92
-95.3182
306.596
0
45.1811
0
-258.785
-95.3182
302.756
0
45.1811
0
-262.428
-95.3182
299.135
0
40.0371
0
-265.944
-95.3182
294.951
0
34.5631
0
-268.866
-95.3182
290.708
0
29.4031
0
-271.558
-95.3182
285.932
0
23.9121
0
-273.784
-95.3182
280.912
0
18.4126
0
-275.419
-95.3182
276.001
0
13.2286
0
-276.679
-95.3182
270.639
0
7.71208
0
-277.419
-95.3182
265.173
0
2.18708
0
-277.618
-95.3182
259.977
0
359
0
-277.521
-95.3182
254.444
0
353.458
0
-276.89
-95.3182
248.938
0
347.908
0
-275.796
-95.3182
243.83
0
342.676
0
-274.14
-95.3182
238.523
0
337.108
0
-272.102
-95.3182
233.696
0
331.86
0
-269.472
-95.3182
228.779
0
326.276
0
-266.372
-95.3182
224.134
0
320.683
0
-262.828
-95.3182
219.807
0
315.081
0
-259.105
-95.3182
216.074
0
309.801
0
-254.86
-95.3182
212.537
0
304.276
0
-250.63
-95.3182
209.654
0
299.156
0
-245.953
-95.3182
207.045
0
293.801
0
-241.131
-95.3182
204.918
0
288.531
0
-236.504
-95.3182
203.367
0
283.651
0
-231.548
-95.3182
202.164
0
278.551
0
-226.589
-95.3182
201.418
0
273.536
0
-221.958
-95.3182
201.132
0
268.896
0
-217.114
-95.3182
201.225
0
264.051
0
-212.38
-95.3182
201.718
0
259.291
0
-207.786
-95.3182
202.587
0
254.616
0
-203.621
-95.3182
203.733
0
254.616
0
-199.277
-95.3182
204.928
0
254.616
0
-195.016
-95.3182
206.101
0
254.616
0
-191.082
-95.3182
207.183
0
254.616
0
-186.984
-95.3182
208.311
0
254.616
0
-182.968
-95.3182
209.416
0
254.616
0
-179.266
-95.3182
210.434
0
254.616
0
-175.414
-95.3182
211.494
0
254.616
0
-171.866
-95.3182
212.47
0
254.616
0
-168.178
-95.3182
213.485
0
258.441
0
-164.514
-95.3182
214.235
0
262.181
0
-161.106
-95.3182
214.703
0
265.621
0
-157.546
-95.3182
214.975
0
269.191
0
-154.062
-95.3182
215.024
0
272.676
0
-150.865
-95.3182
214.875
0
275.876
0
-147.567
-95.3182
214.536
0
279.191
0
-144.379
-95.3182
214.02
0
282.421
0
-141.488
-95.3182
213.383
0
282.421
0
-138.5
-95.3182
212.725
0
282.421
0
-135.594
-95.3182
212.085
0
282.421
0
-132.938
-95.3182
211.5
0
282.421
0
-130.199
-95.3182
210.896
0
282.421
0
-127.542
-95.3182
210.311
0
282.421
0
-124.969
-95.3182
209.745
0
282.421
0
-122.625
-95.3182
209.228
0
282.421
0
-120.127
-95.3182
208.678
0
282.421
0
-117.775
-95.3182
208.16
0
282.421
0
-115.276
-95.3182
207.61
0
282.421
0
-112.778
-95.3182
207.06
0
282.421
0
-110.279
-95.3182
206.509
0
282.421
0
-107.928
-95.3182
205.991
0
282.421
0
-105.429
-95.3182
205.441
0
282.421
0
-103.077
-95.3182
204.923
0
282.421
0
-100.579
-95.3182
204.373
0
282.421
0
-98.0801
-95.3182
203.822
0
282.421
0
-95.7285
-95.3182
203.304
0
282.421
0
-93.2299
-95.3182
202.754
0
282.421
0
-90.7313
-95.3182
202.204
0
282.421
0
-88.2327
-95.3182
201.653
0
282.421
0
-85.881
-95.3182
201.136
0
282.421
0
-83.3824
-95.3182
200.585
0
282.421
0
-80.8838
-95.3182
200.035
0
282.421
0
-78.5322
-95.3182
199.517
0
282.421
0
-76.0336
-95.3182
198.967
0
282.421
0
-73.6819
-95.3182
198.449
0
282.421
0
-71.1833
-95.3182
197.898
0
282.421
0
-68.6847
-95.3182
197.348
0
282.421
0
-66.3331
-95.3182
196.83
0
284.829
0
-63.8598
-95.3182
196.175
0
287.387
0
-61.4182
-95.3182
195.411
0
289.946
0
-59.0132
-95.3182
194.538
0
292.504
0
-56.6495
-95.3182
193.559
0
292.504
0
-54.4249
-95.3182
192.637
0
292.504
0
-52.0612
-95.3182
191.658
0
292.504
0
-49.6975
-95.3182
190.678
0
292.504
0
-47.4729
-95.3182
189.757
0
292.504
0
-45.2483
-95.3182
188.835
0
292.504
0
-42.8846
-95.3182
187.856
0
292.504
0
-40.521
-95.3182
186.877
0
292.504
0
-38.2963
-95.3182
185.955
0
292.504
0
-35.9327
-95.3182
184.976
0
292.504
0
-33.569
-95.3182
183.996
0
292.504
0
-31.3444
-95.3182
183.075
0
292.504
0
-28.9807
-95.3182
182.095
0
292.504
0
-26.617
-95.3182
181.116
0
292.504
0
-24.3924
-95.3182
180.194
0
292.504
0
-22.0287
-95.3182
179.215
0
292.504
0
-19.665
-95.3182
178.236
0
292.504
0
-17.4404
-95.3182
177.314
0
292.504
0
-15.0767
-95.3182
176.335
0
292.504
0
-12.7131
-95.3182
175.356
0
292.504
0
-10.4884
-95.3182
174.434
0
292.504
0
-8.12478
-95.3182
173.455
0
292.504
0
-5.76111
-95.3182
172.475
0
292.504
0
-3.53648
-95.3182
171.554
0
292.504
0
-1.17281
-95.3182
170.574
0
292.504
0
1.19086
-95.3182
169.595
0
292.504
0
3.41549
-95.3182
168.674
0
292.504
0
5.77916
-95.3182
167.694
0
292.504
0
8.14283
-95.3182
166.715
0
292.504
0
10.3675
-95.3182
165.793
0
292.504
0
12.7311
-95.3182
164.814
0
292.504
0
15.0948
-95.3182
163.835
0
292.504
0
17.3194
-95.3182
162.913
0
292.504
0
19.6831
-95.3182
161.934
0
292.504
0
22.0468
-95.3182
160.955
0
292.504
0
24.2714
-95.3182
160.033
0
292.504
0
26.6351
-95.3182
159.054
0
292.504
0
28.9987
-95.3182
158.074
0
292.504
0
31.2234
-95.3182
157.153
0
292.504
0
33.587
-95.3182
156.173
0
292.504
0
35.8117
-95.3182
155.252
0
292.504
0
38.1753
-95.3182
154.272
0
292.504
0
40.4
-95.3182
153.351
0
292.504
0
42.6246
-95.3182
152.429
0
292.504
0
44.9883
-95.3182
151.45
0
292.504
0
47.3519
-95.3182
150.471
0
292.504
0
49.5766
-95.3182
149.549
0
292.504
0
51.9402
-95.3182
148.57
0
292.504
0
54.1649
-95.3182
147.648
0
292.504
0
56.5285
-95.3182
146.669
0
292.504
0
58.8922
-95.3182
145.689
0
292.504
0
61.2559
-95.3182
144.71
0
292.504
0
63.4805
-95.3182
143.788
0
292.504
0
65.8442
-95.3182
142.809
0
292.504
0
68.0688
-95.3182
141.887
0
292.504
0
70.4325
-95.3182
140.908
0
292.504
0
72.7962
-95.3182
139.929
0
292.504
0
75.0208
-95.3182
139.007
0
294.912
0
77.3412
-95.3182
137.929
0
297.471
0
79.6113
-95.3182
136.749
0
300.029
0
81.696
-95.3182
135.544
0
302.437
0
83.9824
-95.3182
134.091
0
305.146
0
85.9514
-95.3182
132.705
0
307.554
0
87.8604
-95.3182
131.237
0
309.962
0
89.8214
-95.3182
129.594
0
312.521
0
91.707
-95.3182
127.865
0
315.079
0
93.4074
-95.3182
126.16
0
317.487
0
95.1363
-95.3182
124.274
0
320.046
0
96.7793
-95.3182
122.312
0
322.604
0
98.2417
-95.3182
120.399
0
325.012
0
99.7087
-95.3182
118.303
0
327.571
0
101.161
-95.3182
116.017
0
330.28
0
102.355
-95.3182
113.925
0
332.688
0
103.46
-95.3182
111.786
0
335.096
0
104.538
-95.3182
109.465
0
337.654
0
105.453
-95.3182
107.238
0
340.062
0
106.325
-95.3182
104.833
0
342.621
0
107.09
-95.3182
102.391
0
345.179
0
107.706
-95.3182
100.063
0
347.587
0
108.256
-95.3182
97.5647
0
350.146
0
108.693
-95.3182
95.0439
0
352.704
0
108.999
-95.3182
92.6554
0
355.112
0
109.217
-95.3182
90.1062
0
357.671
0
109.321
-95.3182
87.5499
0
0
0
109.321
-95.3182
84.9913
0
2.5585
0
109.214
-95.3182
82.5857
0
4.9665
0
108.992
-95.3182
80.0368
0
7.525
0
108.657
-95.3182
77.5004
0
10.0835
0
108.236
-95.3182
75.1296
0
12.4915
0
107.682
-95.3182
72.6317
0
15.05
0
107.018
-95.3182
70.1609
0
17.6085
0
106.244
-95.3182
67.7223
0
20.167
0
105.414
-95.3182
65.4619
0
22.575
0
104.489
-95.3182
63.2384
0
24.983
0
103.409
-95.3182
60.9193
0
27.5415
0
102.226
-95.3182
58.6508
0
30.1
0
101.018
-95.3182
56.5675
0
32.508
0
99.5621
-95.3182
54.2829
0
35.217
0
98.1735
-95.3182
52.3157
0
37.625
0
96.6115
-95.3182
50.2893
0
40.1835
0
95.0578
-95.3182
48.4496
0
42.5915
0
93.3263
-95.3182
46.566
0
45.15
0
91.5124
-95.3182
44.7616
0
47.7085
0
89.6198
-95.3182
43.04
0
50.267
0
87.768
-95.3182
41.5008
0
52.675
0
85.8531
-95.3182
40.0407
0
55.083
0
83.7552
-95.3182
38.5763
0
57.6415
0
81.594
-95.3182
37.2069
0
60.2
0
79.5044
-95.3182
36.0102
0
62.608
0
77.2328
-95.3182
34.8331
0
65.1665
0
75.0474
-95.3182
33.8218
0
67.5745
0
72.6824
-95.3182
32.8458
0
70.133
0
70.2762
-95.3182
31.9763
0
72.6915
0
67.8336
-95.3182
31.2151
0
75.25
0
65.3594
-95.3182
30.5637
0
77.8085
0
63.0057
-95.3182
30.0552
0
80.2165
0
60.4844
-95.3182
29.6204
0
80.2165
0
57.9631
-95.3182
29.1857
0
80.2165
0
55.5901
-95.3182
28.7765
0
80.2165
0
53.0688
-95.3182
28.3417
0
80.2165
0
50.5476
-95.3182
27.907
0
80.2165
0
48.1746
-95.3182
27.4978
0
80.2165
0
45.8016
-95.3182
27.0886
0
80.2165
0
43.2803
-95.3182
26.6539
0
80.2165
0
40.6107
-95.3182
26.1935
0
80.2165
0
38.0894
-95.3182
25.7588
0
80.2165
0
35.5681
-95.3182
25.324
0
80.2165
0
33.0468
-95.3182
24.8893
0
80.2165
0
30.6739
-95.3182
24.4801
0
80.2165
0
28.3009
-95.3182
24.0709
0
80.2165
0
25.7796
-95.3182
23.6362
0
80.2165
0
23.2583
-95.3182
23.2014
0
80.2165
0
20.8853
-95.3182
22.7922
0
80.2165
0
18.364
-95.3182
22.3575
0
80.2165
0
15.8427
-95.3182
21.9227
0
80.2165
0
13.4698
-95.3182
21.5135
0
80.2165
0
10.9485
-95.3182
21.0788
0
80.2165
0
8.42717
-95.3182
20.644
0
80.2165
0
5.90588
-95.3182
20.2093
0
80.2165
0
3.38459
-95.3182
19.7745
0
80.2165
0
1.01161
-95.3182
19.3653
0
80.2165
0
-1.36137
-95.3182
18.9562
0
80.2165
0
-3.88266
-95.3182
18.5214
0
80.2165
0
-6.40395
-95.3182
18.0867
0
80.2165
0
-8.77693
-95.3182
17.6775
0
80.2165
0
-11.2982
-95.3182
17.2427
0
80.2165
0
-13.8195
-95.3182
16.808
0
80.2165
0
-16.1925
-95.3182
16.3988
0
80.2165
0
-18.7138
-95.3182
15.964
0
80.2165
0
-21.2351
-95.3182
15.5293
0
80.2165
0
-23.4598
-95.3182
15.1457
0
80.2165
0
-25.8327
-95.3182
14.7365
0
80.2165
0
-28.354
-95.3182
14.3017
0
80.2165
0
-30.727
-95.3182
13.8926
0
80.2165
0
-33.2483
-95.3182
13.4578
0
80.2165
0
-35.7696
-95.3182
13.023
0
80.2165
0
-38.2909
-95.3182
12.5883
0
80.2165
0
-40.8122
-95.3182
12.1535
0
80.2165
0
-43.1851
-95.3182
11.7444
0
80.2165
0
-45.7064
-95.3182
11.3096
0
80.2165
0
-48.0794
-95.3182
10.9004
0
80.2165
0
-50.6007
-95.3182
10.4657
0
80.2165
0
-52.9737
-95.3182
10.0565
0
80.2165
0
-55.495
-95.3182
9.62173
0
80.2165
0
-58.0163
-95.3182
9.18698
0
80.2165
0
-60.3892
-95.3182
8.77779
0
80.2165
0
-62.9105
-95.3182
8.34304
0
80.2165
0
-65.4318
-95.3182
7.90829
0
80.2165
0
-67.8048
-95.3182
7.4991
0
80.2165
0
-70.3261
-95.3182
7.06435
0
80.2165
0
-72.8474
-95.3182
6.62959
0
80.2165
0
-75.2204
-95.3182
6.22041
0
80.2165
0
-77.7417
-95.3182
5.78566
0
77.658
0
-80.2411
-95.3182
5.23879
0
75.0995
0
-82.5681
-95.3182
4.61959
0
72.6915
0
-85.0107
-95.3182
3.8584
0
70.133
0
-87.417
-95.3182
2.98892
0
70.133
0
-89.6816
-95.3182
2.17059
0
70.133
0
-92.0879
-95.3182
1.30111
0
70.133
0
-94.4941
-95.3182
0.431639
0
70.133
0
-96.7588
-95.3182
-0.386691
0
70.133
0
-99.165
-95.3182
-1.25617
0
70.133
0
-101.571
-95.3182
-2.12564
0
70.133
0
-103.836
-95.3182
-2.94397
0
70.133
0
-106.242
-95.3182
-3.81345
0
70.133
0
-108.507
-95.3182
-4.63178
0
70.133
0
-110.913
-95.3182
-5.50125
0
70.133
0
-113.319
-95.3182
-6.37073
0
70.133
0
-115.726
-95.3182
-7.2402
0
70.133
0
-117.99
-95.3182
-8.05853
0
70.133
0
-120.396
-95.3182
-8.92801
0
70.133
0
-122.803
-95.3182
-9.79748
0
70.133
0
-125.067
-95.3182
-10.6158
0
70.133
0
-127.474
-95.3182
-11.4853
0
70.133
0
-129.88
-95.3182
-12.3548
0
70.133
0
-132.144
-95.3182
-13.1731
0
70.133
0
-134.551
-95.3182
-14.0426
0
72.6915
0
-136.993
-95.3182
-14.8038
0
75.25
0
-139.322
-95.3182
-15.4168
0
77.658
0
-141.821
-95.3182
-15.9637
0
80.2165
0
-144.343
-95.3182
-16.3985
0
82.775
0
-146.732
-95.3182
-16.7013
0
82.775
0
-149.27
-95.3182
-17.0231
0
82.775
0
-151.808
-95.3182
-17.3449
0
82.775
0
-154.197
-95.3182
-17.6477
0
82.775
0
-156.735
-95.3182
-17.9695
0
82.775
0
-159.273
-95.3182
-18.2913
0
82.775
0
-161.662
-95.3182
-18.5941
0
82.775
0
-164.2
-95.3182
-18.9159
0
82.775
0
-166.739
-95.3182
-19.2377
0
82.775
0
-169.127
-95.3182
-19.5405
0
82.775
0
-171.666
-95.3182
-19.8623
0
80.2165
0
-174.187
-95.3182
-20.297
0
77.658
0
-176.539
-95.3182
-20.8117
0
75.25
0
-179.013
-95.3182
-21.4631
0
72.6915
0
-181.456
-95.3182
-22.2243
0
70.133
0
-183.721
-95.3182
-23.0427
0
70.133
0
-186.127
-95.3182
-23.9121
0
70.133
0
-188.392
-95.3182
-24.7305
0
70.133
0
-190.798
-95.3182
-25.5999
0
70.133
0
-193.204
-95.3182
-26.4694
0
70.133
0
-195.61
-95.3182
-27.3389
0
70.133
0
-197.875
-95.3182
-28.1572
0
70.133
0
-200.281
-95.3182
-29.0267
0
70.133
0
-202.688
-95.3182
-29.8962
0
70.133
0
-204.952
-95.3182
-30.7145
0
70.133
0
-207.359
-95.3182
-31.584
0
70.133
0
-209.765
-95.3182
-32.4535
0
70.133
0
-212.029
-95.3182
-33.2718
0
70.133
0
-214.436
-95.3182
-34.1413
0
67.5745
0
-217.079
-95.3182
-35.2321
0
64.715
0
-219.392
-95.3182
-36.3249
0
62.1565
0
-221.521
-95.3182
-37.4496
0
59.7485
0
-223.732
-95.3182
-38.7385
0
57.19
0
-225.755
-95.3182
-40.0433
0
54.782
0
-227.846
-95.3182
-41.5188
0
52.2235
0
-229.868
-95.3182
-43.0861
0
49.665
0
-231.703
-95.3182
-44.6447
0
47.257
0
-233.582
-95.3182
-46.3812
0
44.6985
0
-235.382
-95.3182
-48.1998
0
42.14
0
-236.998
-95.3182
-49.9853
0
39.732
0
-238.633
-95.3182
-51.9529
0
37.1735
0
-240.179
-95.3182
-53.9916
0
34.615
0
-241.547
-95.3182
-55.9733
0
32.207
0
-242.91
-95.3182
-58.1381
0
29.6485
0
-244.176
-95.3182
-60.3617
0
27.09
0
-245.273
-95.3182
-62.5055
0
24.682
0
-246.404
-95.3182
-64.967
0
21.973
0
-247.192
-95.3182
-66.921
0
19.866
0
-248.011
-95.3182
-69.1857
0
17.458
0
-248.778
-95.3182
-71.6263
0
14.8995
0
-249.436
-95.3182
-74.0988
0
12.341
0
-249.951
-95.3182
-76.4511
0
9.933
0
-250.392
-95.3182
-78.9713
0
7.3745
0
-250.701
-95.3182
-81.3594
0
4.9665
0
-250.923
-95.3182
-83.9083
0
2.408
0
-251.03
-95.3182
-86.4645
0
2.408
0
-251.138
-95.3182
-89.0208
0
2.408
0
-251.239
-95.3182
-91.4266
0
2.408
0
-251.346
-95.3182
-93.9829
0
2.408
0
-251.447
-95.3182
-96.3888
0
2.408
0
-251.549
-95.3182
-98.7946
0
2.408
0
-251.662
-95.3182
-101.501
0
2.408
0
-251.764
-95.3182
-103.907
0
2.408
0
-251.871
-95.3182
-106.463
0
2.408
0
-251.979
-95.3182
-109.02
0
2.408
0
-252.08
-95.3182
-111.426
0
2.408
0
-252.187
-95.3182
-113.982
0
-0.150499
0
-252.18
-95.3182
-116.54
0
359
0
-252.136
-95.3182
-119.098
0
356.441
0
-251.986
-95.3182
-121.502
0
354.034
0
-251.72
-95.3182
-124.046
0
351.475
0
-251.363
-95.3182
-126.428
0
349.067
0
-250.878
-95.3182
-128.94
0
346.509
0
-250.281
-95.3182
-131.428
0
343.95
0
-249.616
-95.3182
-133.742
0
341.542
0
-248.806
-95.3182
-136.169
0
338.984
0
-247.888
-95.3182
-138.557
0
336.425
0
-246.805
-95.3182
-141.04
0
333.716
0
-245.672
-95.3182
-143.334
0
331.158
0
-244.437
-95.3182
-145.575
0
328.599
0
-243.104
-95.3182
-147.759
0
326.04
0
-241.759
-95.3182
-149.756
0
323.633
0
-240.242
-95.3182
-151.816
0
321.074
0
-238.635
-95.3182
-153.807
0
318.516
0
-237.039
-95.3182
-155.611
0
316.108
0
-235.266
-95.3182
-157.454
0
313.549
0
-233.411
-95.3182
-159.217
0
310.991
0
-231.594
-95.3182
-160.797
0
310.991
0
-229.662
-95.3182
-162.475
0
310.991
0
-227.845
-95.3182
-164.054
0
310.991
0
-225.914
-95.3182
-165.732
0
310.991
0
-223.982
-95.3182
-167.411
0
310.991
0
-222.051
-95.3182
-169.089
0
310.991
0
-220.234
-95.3182
-170.668
0
310.991
0
-218.302
-95.3182
-172.347
0
310.991
0
-216.371
-95.3182
-174.025
0
308.432
0
-214.367
-95.3182
-175.615
0
305.874
0
-212.294
-95.3182
-177.114
0
303.315
0
-210.282
-95.3182
-178.437
0
300.907
0
-208.215
-95.3182
-179.674
0
298.499
0
-205.967
-95.3182
-180.895
0
295.941
0
-203.802
-95.3182
-181.948
0
293.533
0
-201.456
-95.3182
-182.97
0
290.974
0
-199.067
-95.3182
-183.885
0
288.416
0
-196.782
-95.3182
-184.646
0
286.008
0
-194.323
-95.3182
-185.352
0
283.449
0
-191.835
-95.3182
-185.947
0
283.449
0
-189.493
-95.3182
-186.507
0
283.449
0
-187.004
-95.3182
-187.102
0
283.449
0
-184.516
-95.3182
-187.697
0
283.449
0
-182.174
-95.3182
-188.257
0
283.449
0
-179.686
-95.3182
-188.852
0
283.449
0
-177.197
-95.3182
-189.447
0
283.449
0
-174.855
-95.3182
-190.007
0
283.449
0
-172.367
-95.3182
-190.602
0
283.449
0
-169.879
-95.3182
-191.197
0
283.449
0
-167.537
-95.3182
-191.757
0
281.041
0
-165.026
-95.3182
-192.247
0
278.483
0
-162.495
-95.3182
-192.625
0
275.924
0
-160.1
-95.3182
-192.873
0
275.924
0
-157.555
-95.3182
-193.137
0
275.924
0
-155.01
-95.3182
-193.401
0
275.924
0
-152.615
-95.3182
-193.65
0
275.924
0
-150.07
-95.3182
-193.914
0
275.924
0
-147.525
-95.3182
-194.178
0
275.924
0
-145.13
-95.3182
-194.427
0
275.924
0
-142.585
-95.3182
-194.691
0
275.924
0
-140.041
-95.3182
-194.955
0
275.924
0
-137.646
-95.3182
-195.203
0
275.924
0
-135.101
-95.3182
-195.467
0
275.924
0
-132.556
-95.3182
-195.731
0
275.924
0
-130.161
-95.3182
-195.98
0
275.924
0
-127.616
-95.3182
-196.244
0
275.924
0
-125.071
-95.3182
-196.508
0
275.924
0
-122.676
-95.3182
-196.757
0
275.924
0
-120.131
-95.3182
-197.021
0
275.924
0
-117.586
-95.3182
-197.285
0
275.924
0
-115.191
-95.3182
-197.533
0
275.924
0
-112.646
-95.3182
-197.797
0
275.924
0
-110.101
-95.3182
-198.061
0
275.924
0
-107.706
-95.3182
-198.31
0
275.924
0
-105.161
-95.3182
-198.574
0
275.924
0
-102.617
-95.3182
-198.838
0
275.924
0
-100.221
-95.3182
-199.087
0
275.924
0
-97.6766
-95.3182
-199.351
0
275.924
0
-95.1318
-95.3182
-199.615
0
275.924
0
-92.7367
-95.3182
-199.863
0
275.924
0
-90.1918
-95.3182
-200.127
0
275.924
0
-87.647
-95.3182
-200.391
0
275.924
0
-85.1022
-95.3182
-200.655
0
275.924
0
-82.707
-95.3182
-200.904
0
275.924
0
-80.1622
-95.3182
-201.168
0
273.366
0
-77.6081
-95.3182
-201.318
0
270.807
0
-75.2004
-95.3182
-201.352
0
268.399
0
-72.6429
-95.3182
-201.281
0
265.841
0
-70.0911
-95.3182
-201.095
0
265.841
0
-67.6894
-95.3182
-200.92
0
265.841
0
-65.1377
-95.3182
-200.735
0
265.841
0
-62.5859
-95.3182
-200.549
0
265.841
0
-60.1843
-95.3182
-200.375
0
265.841
0
-57.6325
-95.3182
-200.189
0
265.841
0
-55.2308
-95.3182
-200.014
0
265.841
0
-52.6791
-95.3182
-199.829
0
265.841
0
-50.1273
-95.3182
-199.643
0
265.841
0
-47.7257
-95.3182
-199.469
0
265.841
0
-45.1739
-95.3182
-199.283
0
265.841
0
-42.6221
-95.3182
-199.098
0
265.841
0
-40.2205
-95.3182
-198.923
0
265.841
0
-37.6687
-95.3182
-198.737
0
265.841
0
-35.117
-95.3182
-198.552
0
265.841
0
-32.5652
-95.3182
-198.366
0
265.841
0
-30.1636
-95.3182
-198.192
0
265.841
0
-27.6118
-95.3182
-198.006
0
265.841
0
-25.06
-95.3182
-197.82
0
265.841
0
-22.6584
-95.3182
-197.646
0
265.841
0
-20.1066
-95.3182
-197.46
0
265.841
0
-17.5549
-95.3182
-197.275
0
265.841
0
-15.1532
-95.3182
-197.1
0
265.841
0
-12.6014
-95.3182
-196.914
0
265.841
0
-10.0497
-95.3182
-196.729
0
265.841
0
-7.64802
-95.3182
-196.554
0
265.841
0
-5.09626
-95.3182
-196.369
0
265.841
0
-2.5445
-95.3182
-196.183
0
265.841
0
-0.142838
-95.3182
-196.008
0
265.841
0
2.40892
-95.3182
-195.823
0
265.841
0
4.81058
-95.3182
-195.648
0
265.841
0
7.36234
-95.3182
-195.463
0
265.841
0
9.9141
-95.3182
-195.277
0
265.841
0
12.3158
-95.3182
-195.102
0
265.841
0
14.8675
-95.3182
-194.917
0
265.841
0
17.4193
-95.3182
-194.731
0
265.841
0
19.8209
-95.3182
-194.557
0
265.841
0
22.3727
-95.3182
-194.371
0
265.841
0
24.7744
-95.3182
-194.196
0
265.841
0
27.3261
-95.3182
-194.011
0
265.841
0
29.7278
-95.3182
-193.836
0
265.841
0
32.2795
-95.3182
-193.651
0
265.841
0
34.8313
-95.3182
-193.465
0
265.841
0
37.3831
-95.3182
-193.279
0
265.841
0
39.4845
-95.3182
-193.127
0
265.841
0
42.0363
-95.3182
-192.941
0
265.841
0
44.588
-95.3182
-192.755
0
265.841
0
46.9897
-95.3182
-192.581
0
265.841
0
49.3913
-95.3182
-192.406
0
265.841
0
51.9431
-95.3182
-192.221
0
265.841
0
54.4949
-95.3182
-192.035
0
265.841
0
56.8965
-95.3182
-191.86
0
263.433
0
59.4382
-95.3182
-191.568
0
260.874
0
61.9644
-95.3182
-191.162
0
258.316
0
64.1751
-95.3182
-190.705
0
256.058
0
66.6582
-95.3182
-190.088
0
253.5
0
69.1113
-95.3182
-189.362
0
253.5
0
71.4202
-95.3182
-188.678
0
253.5
0
73.8733
-95.3182
-187.951
0
253.5
0
76.3264
-95.3182
-187.224
0
253.5
0
78.6353
-95.3182
-186.54
0
253.5
0
81.0884
-95.3182
-185.814
0
253.5
0
83.5415
-95.3182
-185.087
0
253.5
0
85.8504
-95.3182
-184.403
0
253.5
0
88.3035
-95.3182
-183.676
0
253.5
0
90.7566
-95.3182
-182.95
0
253.5
0
93.2098
-95.3182
-182.223
0
253.5
0
95.5186
-95.3182
-181.539
0
253.5
0
97.9717
-95.3182
-180.813
0
253.5
0
100.281
-95.3182
-180.129
0
253.5
0
102.734
-95.3182
-179.402
0
253.5
0
105.187
-95.3182
-178.675
0
253.5
0
107.496
-95.3182
-177.991
0
253.5
0
109.949
-95.3182
-177.265
0
253.5
0
112.402
-95.3182
-176.538
0
253.5
0
114.855
-95.3182
-175.811
0
253.5
0
117.164
-95.3182
-175.127
0
253.5
0
119.617
-95.3182
-174.401
0
253.5
0
122.07
-95.3182
-173.674
0
253.5
0
124.379
-95.3182
-172.99
0
253.5
0
126.832
-95.3182
-172.263
0
253.5
0
129.285
-95.3182
-171.537
0
253.5
0
131.594
-95.3182
-170.853
0
253.5
0
134.047
-95.3182
-170.126
0
253.5
0
136.356
-95.3182
-169.442
0
253.5
0
138.809
-95.3182
-168.716
0
253.5
0
141.262
-95.3182
-167.989
0
253.5
0
143.571
-95.3182
-167.305
0
253.5
0
146.169
-95.3182
-166.536
0
250.791
0
148.443
-95.3182
-165.743
0
248.383
0
150.681
-95.3182
-164.856
0
245.975
0
153.293
-95.3182
-163.692
0
245.975
0
155.63
-95.3182
-162.65
0
245.975
0
157.829
-95.3182
-161.67
0
245.975
0
160.166
-95.3182
-160.628
0
245.975
0
162.64
-95.3182
-159.525
0
245.975
0
164.84
-95.3182
-158.545
0
245.975
0
167.177
-95.3182
-157.503
0
245.975
0
169.376
-95.3182
-156.523
0
245.975
0
171.575
-95.3182
-155.542
0
245.975
0
173.912
-95.3182
-154.501
0
245.975
0
176.249
-95.3182
-153.459
0
245.975
0
178.723
-95.3182
-152.356
0
245.975
0
180.923
-95.3182
-151.376
0
245.975
0
183.122
-95.3182
-150.395
0
245.975
0
185.459
-95.3182
-149.354
0
245.975
0
187.796
-95.3182
-148.312
0
245.975
0
189.995
-95.3182
-147.332
0
245.975
0
192.332
-95.3182
-146.29
0
245.975
0
194.669
-95.3182
-145.248
0
245.975
0
196.868
-95.3182
-144.268
0
245.975
0
199.205
-95.3182
-143.226
0
243.416
0
201.359
-95.3182
-142.149
0
241.008
0
203.597
-95.3182
-140.908
0
238.45
0
205.777
-95.3182
-139.57
0
235.891
0
207.895
-95.3182
-138.135
0
233.333
0
209.827
-95.3182
-136.697
0
230.925
0
211.813
-95.3182
-135.084
0
228.366
0
213.725
-95.3182
-133.385
0
228.366
0
215.525
-95.3182
-131.785
0
228.366
0
217.437
-95.3182
-130.085
0
228.366
0
219.237
-95.3182
-128.485
0
228.366
0
221.037
-95.3182
-126.885
0
228.366
0
222.949
-95.3182
-125.186
0
228.366
0
224.861
-95.3182
-123.486
0
228.366
0
226.886
-95.3182
-121.686
0
228.366
0
228.686
-95.3182
-120.086
0
228.366
0
230.598
-95.3182
-118.386
0
228.366
0
232.398
-95.3182
-116.787
0
228.366
0
234.197
-95.3182
-115.187
0
228.366
0
236.11
-95.3182
-113.487
0
228.366
0
237.909
-95.3182
-111.887
0
225.958
0
239.857
-95.3182
-110.004
0
223.249
0
241.506
-95.3182
-108.25
0
220.841
0
243.18
-95.3182
-106.314
0
218.283
0
244.765
-95.3182
-104.306
0
215.724
0
246.259
-95.3182
-102.229
0
215.724
0
247.665
-95.3182
-100.274
0
215.724
0
249.158
-95.3182
-98.197
0
215.724
0
250.564
-95.3182
-96.2421
0
215.724
0
252.058
-95.3182
-94.165
0
215.724
0
253.552
-95.3182
-92.0879
0
215.724
0
255.046
-95.3182
-90.0108
0
215.724
0
256.452
-95.3182
-88.0559
0
215.724
0
257.946
-95.3182
-85.9788
0
215.724
0
259.352
-95.3182
-84.0239
0
215.724
0
260.846
-95.3182
-81.9468
0
215.724
0
262.34
-95.3182
-79.8698
0
215.724
0
263.834
-95.3182
-77.7927
0
215.724
0
265.24
-95.3182
-75.8378
0
215.724
0
266.646
-95.3182
-73.8829
0
215.724
0
268.139
-95.3182
-71.8058
0
215.724
0
269.633
-95.3182
-69.7287
0
215.724
0
271.039
-95.3182
-67.7738
0
215.724
0
272.533
-95.3182
-65.6967
0
215.724
0
274.027
-95.3182
-63.6196
0
215.724
0
275.521
-95.3182
-61.5425
0
215.724
0
277.015
-95.3182
-59.4654
0
215.724
0
278.421
-95.3182
-57.5105
0
215.724
0
279.915
-95.3182
-55.4334
0
215.724
0
281.321
-95.3182
-53.4785
0
215.724
0
282.727
-95.3182
-51.5236
0
215.724
0
284.309
-95.3182
-49.3243
0
215.724
0
285.715
-95.3182
-47.3694
0
215.724
0
287.208
-95.3182
-45.2923
0
215.724
0
288.702
-95.3182
-43.2152
0
215.724
0
290.196
-95.3182
-41.1381
0
215.724
0
291.69
-95.3182
-39.061
0
215.724
0
293.184
-95.3182
-36.9839
0
215.724
0
294.59
-95.3182
-35.029
0
215.724
0
295.996
-95.3182
-33.0741
0
215.724
0
297.49
-95.3182
-30.997
0
215.724
0
298.896
-95.3182
-29.0421
0
215.724
0
300.39
-95.3182
-26.965
0
215.724
0
301.884
-95.3182
-24.8879
0
215.724
0
303.378
-95.3182
-22.8109
0
215.724
0
304.784
-95.3182
-20.8559
0
215.724
0
306.278
-95.3182
-18.7789
0
215.724
0
307.771
-95.3182
-16.7018
0
215.724
0
309.177
-95.3182
-14.7469
0
215.724
0
310.671
-95.3182
-12.6698
0
215.724
0
312.077
-95.3182
-10.7149
0
215.724
0
313.571
-95.3182
-8.63778
0
215.724
0
314.977
-95.3182
-6.68287
0
215.724
0
316.471
-95.3182
-4.60578
0
215.724
0
318.053
-95.3182
-2.40651
0
215.724
0
319.459
-95.3182
-0.451597
0
213.316
0
320.864
-95.3182
1.68642
0
210.757
0
322.096
-95.3182
3.75571
0
208.349
0
323.239
-95.3182
5.87492
0
205.941
0
324.358
-95.3182
8.17563
0
205.941
0
325.478
-95.3182
10.4763
0
205.941
0
326.597
-95.3182
12.777
0
205.941
0
327.716
-95.3182
15.0778
0
205.941
0
328.835
-95.3182
17.3785
0
205.941
0
329.889
-95.3182
19.5438
0
205.941
0
331.008
-95.3182
21.8445
0
205.941
0
332.127
-95.3182
24.1453
0
205.941
0
333.181
-95.3182
26.3106
0
205.941
0
334.3
-95.3182
28.6113
0
205.941
0
335.353
-95.3182
30.7767
0
205.941
0
336.407
-95.3182
32.9421
0
205.941
0
337.526
-95.3182
35.2428
0
205.941
0
338.645
-95.3182
37.5435
0
203.383
0
339.66
-95.3182
39.8919
0
200.79
0
340.418
-95.3182
41.8879
0
198.627
0
341.257
-95.3182
44.3768
0
195.967
0
341.946
-95.3182
46.7842
0
193.431
0
342.572
-95.3182
49.405
0
190.702
0
343.079
-95.3182
52.086
0
187.94
0
343.438
-95.3182
54.6611
0
185.308
0
343.696
-95.3182
57.4456
0
182.477
0
343.819
-95.3182
60.2734
0
179.613
0
343.801
-95.3182
62.9694
0
176.885
0
343.643
-95.3182
65.8636
0
173.952
0
343.352
-95.3182
68.6082
0
171.16
0
342.896
-95.3182
71.5395
0
168.16
0
342.317
-95.3182
74.3034
0
168.16
0
341.658
-95.3182
77.4481
0
168.16
0
341.028
-95.3182
80.4513
0
168.16
0
340.429
-95.3182
83.3092
0
168.16
0
339.785
-95.3182
86.3789
0
168.16
0
339.173
-95.3182
89.2995
0
168.16
0
338.516
-95.3182
92.4358
0
168.16
0
337.89
-95.3182
95.4189
0
168.16
0
337.219
-95.3182
98.6218
0
168.16
0
336.58
-95.3182
101.668
0
168.16
0
335.855
-95.3182
105.129
0
168.16
0
335.203
-95.3182
108.238
0
168.16
0
334.504
-95.3182
111.574
0
168.16
0
333.839
-95.3182
114.745
0
168.16
0
333.126
-95.3182
118.147
0
168.16
0
332.448
-95.3182
121.381
0
164.824
0
331.52
-95.3182
124.802
0
161.245
0
330.369
-95.3182
128.19
0
157.633
0
328.995
-95.3182
131.531
0
157.633
0
327.607
-95.3182
134.903
0
157.633
0
326.289
-95.3182
138.107
0
157.633
0
324.875
-95.3182
141.542
0
157.633
0
323.533
-95.3182
144.804
0
157.633
0
322.093
-95.3182
148.302
0
157.633
0
320.726
-95.3182
151.624
0
157.633
0
319.175
-95.3182
155.394
0
157.633
0
317.697
-95.3182
158.987
0
157.633
0
316.293
-95.3182
162.397
0
157.633
0
314.878
-95.3182
165.837
0
157.633
0
313.361
-95.3182
169.524
0
157.633
0
311.921
-95.3182
173.023
0
157.633
0
310.378
-95.3182
176.773
0
157.633
0
308.822
-95.3182
180.554
0
157.633
0
307.253
-95.3182
184.366
0
157.633
0
305.672
-95.3182
188.21
0
157.633
0
304.171
-95.3182
191.857
0
157.633
0
302.563
-95.3182
195.764
0
157.633
0
301.038
-95.3182
199.47
0
157.633
0
299.414
-95.3182
203.416
0
153.357
0
297.384
-95.3182
207.462
0
148.821
0
295.166
-95.3182
211.128
0
144.529
0
292.529
-95.3182
214.829
0
139.975
0
289.926
-95.3182
217.929
0
135.919
0
286.928
-95.3182
221.025
0
131.601
0
283.699
-95.3182
223.892
0
131.601
0
280.463
-95.3182
226.764
0
131.601
0
277.412
-95.3182
229.473
0
131.601
0
274.164
-95.3182
232.357
0
131.601
0
270.91
-95.3182
235.246
0
131.601
0
267.841
-95.3182
237.971
0
131.601
0
264.766
-95.3182
240.701
0
131.601
0
261.685
-95.3182
243.437
0
131.601
0
258.213
-95.3182
246.52
0
131.601
0
254.926
-95.3182
249.438
0
131.601
0
251.634
-95.3182
252.361
0
131.601
0
248.529
-95.3182
255.118
0
131.601
0
245.224
-95.3182
258.052
0
131.601
0
242.107
-95.3182
260.819
0
131.601
0
238.789
-95.3182
263.765
0
131.601
0
235.661
-95.3182
266.543
0
131.601
0
232.33
-95.3182
269.5
0
131.601
0
229.189
-95.3182
272.289
0
131.601
0
225.846
-95.3182
275.258
0
131.601
0
222.299
-95.3182
278.407
0
131.601
0
219.14
-95.3182
281.211
0
131.601
0
215.976
-95.3182
284.021
0
131.601
0
212.607
-95.3182
287.012
0
136.114
0
209.478
-95.3182
290.265
0
140.636
0
206.61
-95.3182
293.761
0
145.167
0
204.022
-95.3182
297.48
0
149.706
0
201.867
-95.3182
301.168
0
153.986
0
199.873
-95.3182
305.255
0
153.986
0
197.992
-95.3182
309.109
0
153.986
0
195.99
-95.3182
313.211
0
153.986
0
193.985
-95.3182
317.321
0
153.986
0
191.975
-95.3182
321.438
0
153.986
0
190.081
-95.3182
325.32
0
153.986
0
188.064
-95.3182
329.453
0
149.379
0
185.855
-95.3182
333.184
0
145.035
0
183.366
-95.3182
336.744
0
140.683
0
180.264
-95.3182
340.532
0
135.778
0
177.223
-95.3182
343.657
0
131.41
0
173.947
-95.3182
346.546
0
127.034
0
170.235
-95.3182
349.346
0
122.376
0
166.301
-95.3182
351.84
0
117.71
0
162.17
-95.3182
354.01
0
117.71
0
158.274
-95.3182
356.056
0
117.71
0
153.884
-95.3182
358.362
0
117.71
0
149.73
-95.3182
360.544
0
117.71
0
145.814
-95.3182
362.601
0
117.71
0
141.89
-95.3182
364.662
0
117.71
0
137.713
-95.3182
366.855
0
117.71
0
133.529
-95.3182
369.053
0
112.975
0
129.427
-95.3182
370.792
0
108.511
0
124.929
-95.3182
372.298
0
103.76
0
120.586
-95.3182
373.362
0
99.2795
0
115.888
-95.3182
374.129
0
99.2795
0
111.459
-95.3182
374.853
0
99.2795
0
106.744
-95.3182
375.623
0
99.2795
0
102.021
-95.3182
376.395
0
99.2795
0
97.2901
-95.3182
377.168
0
99.2795
0
92.8292
-95.3182
377.897
0
99.2795
0
88.0812
-95.3182
378.673
0
99.2795
0
83.3247
-95.3182
379.45
0
99.2795
0
78.8402
-95.3182
380.183
0
99.2795
0
74.067
-95.3182
380.963
0
99.2795
0
69.5667
-95.3182
381.698
0
99.2795
0
64.7767
-95.3182
382.48
0
99.2795
0
59.9783
-95.3182
383.264
0
99.2795
0
55.4543
-95.3182
384.004
0
99.2795
0
50.6391
-95.3182
384.79
0
99.2795
0
45.8156
-95.3182
385.578
0
99.2795
0
40.9837
-95.3182
386.368
0
99.2795
0
36.1434
-95.3182
387.159
0
99.2795
0
31.2947
-95.3182
387.951
0
99.2795
0
26.7233
-95.3182
388.698
0
99.2795
0
21.8578
-95.3182
389.493
0
99.2795
0
16.9839
-95.3182
390.289
0
99.2795
0
12.1016
-95.3182
391.087
0
99.2795
0
7.49868
-95.3182
391.839
0
99.2795
0
2.59965
-95.3182
392.64
0
99.2795
0
-2.01911
-95.3182
393.394
0
99.2795
0
-6.93493
-95.3182
394.197
0
99.2795
0
-11.8591
-95.3182
395.002
0
99.2795
0
-16.5016
-95.3182
395.76
0
99.2795
0
-21.4426
-95.3182
396.568
0
99.2795
0
-26.1008
-95.3182
397.329
0
99.2795
0
-30.4753
-95.3182
398.044
0
99.2795
0
-35.4414
-95.3182
398.855
0
99.2795
0
-41.0012
-95.3182
399.763
0
99.2795
0
-45.691
-95.3182
400.53
0
99.2795
0
-50.3887
-95.3182
401.297
0
99.2795
0
-55.0943
-95.3182
402.066
0
99.2795
0
-60.1024
-95.3182
402.884
0
99.2795
0
-65.1189
-95.3182
403.704
0
99.2795
0
-69.8482
-95.3182
404.477
0
99.2795
0
-74.8814
-95.3182
405.299
0
99.2795
0
-79.6265
-95.3182
406.074
0
99.2795
0
-84.6766
-95.3182
406.9
0
94.154
0
-89.4879
-95.3182
407.249
0
89.322
0
-94.6215
-95.3182
407.188
0
84.1795
0
-99.7375
-95.3182
406.667
0
79.0285
0
-104.794
-95.3182
405.686
0
73.869
0
-109.459
-95.3182
404.337
0
73.869
0
-114.424
-95.3182
402.901
0
73.869
0
-119.396
-95.3182
401.463
0
73.869
0
-124.377
-95.3182
400.023
0
73.869
0
-129.073
-95.3182
398.664
0
73.869
0
-134.07
-95.3182
397.219
0
73.869
0
-138.781
-95.3182
395.857
0
73.869
0
-143.5
-95.3182
394.492
0
73.869
0
-148.521
-95.3182
393.04
0
73.869
0
-153.551
-95.3182
391.585
0
73.869
0
-158.589
-95.3182
390.128
0
73.869
0
-163.635
-95.3182
388.668
0
73.869
0
-168.392
-95.3182
387.293
0
73.869
0
-173.455
-95.3182
385.828
0
68.5905
0
-178.369
-95.3182
383.902
0
63.3035
0
-183.37
-95.3182
381.387
0
57.6965
0
-187.846
-95.3182
378.557
0
52.3925
0
-192.048
-95.3182
375.32
0
47.08
0
-195.71
-95.3182
371.915
0
42.072
0
-199.275
-95.3182
367.965
0
42.072
0
-202.846
-95.3182
364.009
0
42.072
0
-206.213
-95.3182
360.28
0
42.072
0
-209.795
-95.3182
356.311
0
42.072
0
-213.383
-95.3182
352.336
0
42.072
0
-216.766
-95.3182
348.589
0
42.072
0
-220.365
-95.3182
344.601
0
42.072
0
-223.971
-95.3182
340.607
0
42.072
0
-227.369
-95.3182
336.842
0
42.072
0
-230.986
-95.3182
332.836
0
42.072
0
-234.608
-95.3182
328.823
0
42.072
0
-238.023
-95.3182
325.04
0
42.072
0
-241.657
-95.3182
321.015
0
42.072
0
-245.296
-95.3182
316.983
0
42.072
0
-248.941
-95.3182
312.945
0
42.072
0
-252.377
-95.3182
309.138
0
36.936
0
-255.657
-95.3182
304.776
0
31.4705
0
-258.51
-95.3182
300.115
0
25.9965
0
-260.768
-95.3182
295.484
0
20.8365
0
-262.718
-95.3182
290.36
0
15.3455
0
-264.086
-95.3182
285.376
0
10.1695
0
-265.057
-95.3182
279.963
0
4.66149
0
-265.505
-95.3182
274.473
0
-0.855008
0
-265.427
-95.3182
269.282
0
359
0
-265.331
-95.3182
263.758
0
353.466
0
-264.701
-95.3182
258.26
0
347.924
0
-263.61
-95.3182
253.16
0
342.701
0
-261.765
-95.3182
247.237
0
336.487
0
-259.808
-95.3182
242.739
0
331.575
0
-257.158
-95.3182
237.843
0
325.999
0
-254.223
-95.3182
233.492
0
320.743
0
-250.689
-95.3182
229.168
0
315.15
0
-246.745
-95.3182
225.203
0
315.15
0
-243.083
-95.3182
221.522
0
315.15
0
-239.253
-95.3182
217.671
0
315.15
0
-235.704
-95.3182
214.104
0
315.15
0
-231.993
-95.3182
210.374
0
315.15
0
-228.342
-95.3182
206.704
0
315.15
0
-224.752
-95.3182
203.094
0
315.15
0
-221.429
-95.3182
199.753
0
310.438
0
-217.683
-95.3182
196.561
0
305.516
0
-213.978
-95.3182
193.917
0
300.964
0
-209.903
-95.3182
191.472
0
296.213
0
-205.717
-95.3182
189.411
0
291.546
0
-201.706
-95.3182
187.827
0
287.234
0
-197.411
-95.3182
186.495
0
282.738
0
-193.109
-95.3182
185.522
0
278.326
0
-189.079
-95.3182
184.933
0
274.254
0
-184.85
-95.3182
184.618
0
270.013
0
-180.693
-95.3182
184.617
0
270.013
0
-176.861
-95.3182
184.616
0
270.013
0
-172.875
-95.3182
184.615
0
270.013
0
-169.203
-95.3182
184.615
0
270.013
0
-165.386
-95.3182
184.614
0
270.013
0
-161.655
-95.3182
184.613
0
270.013
0
-158.008
-95.3182
184.612
0
270.013
0
-154.656
-95.3182
184.611
0
270.013
0
-151.18
-95.3182
184.61
0
270.013
0
-147.988
-95.3182
184.61
0
270.013
0
-144.681
-95.3182
184.609
0
270.013
0
-141.46
-95.3182
184.608
0
270.013
0
-138.323
-95.3182
184.608
0
270.013
0
-135.451
-95.3182
184.607
0
270.013
0
-132.485
-95.3182
184.606
0
270.013
0
-129.603
-95.3182
184.606
0
270.013
0
-126.971
-95.3182
184.605
0
270.013
0
-124.26
-95.3182
184.604
0
270.013
0
-121.633
-95.3182
184.604
0
270.013
0
-119.241
-95.3182
184.603
0
270.013
0
-116.691
-95.3182
184.603
0
270.013
0
-114.133
-95.3182
184.602
0
270.013
0
-111.725
-95.3182
184.602
0
270.013
0
-109.166
-95.3182
184.601
0
272.572
0
-106.61
-95.3182
184.486
0
275.13
0
-104.212
-95.3182
184.271
0
277.538
0
-101.675
-95.3182
183.935
0
280.096
0
-99.1566
-95.3182
183.487
0
280.096
0
-96.7859
-95.3182
183.065
0
280.096
0
-94.267
-95.3182
182.616
0
280.096
0
-91.7482
-95.3182
182.168
0
280.096
0
-89.3775
-95.3182
181.745
0
280.096
0
-86.8586
-95.3182
181.297
0
280.096
0
-84.3397
-95.3182
180.848
0
280.096
0
-81.969
-95.3182
180.426
0
280.096
0
-79.4501
-95.3182
179.978
0
280.096
0
-76.9313
-95.3182
179.529
0
280.096
0
-74.5606
-95.3182
179.107
0
282.504
0
-71.7689
-95.3182
178.488
0
285.364
0
-69.5921
-95.3182
177.89
0
287.621
0
-67.1536
-95.3182
177.115
0
287.621
0
-64.8586
-95.3182
176.386
0
287.621
0
-62.4202
-95.3182
175.612
0
287.621
0
-60.1251
-95.3182
174.883
0
287.621
0
-57.6867
-95.3182
174.108
0
287.621
0
-55.2482
-95.3182
173.334
0
287.621
0
-52.8098
-95.3182
172.559
0
287.621
0
-50.5148
-95.3182
171.83
0
287.621
0
-48.0763
-95.3182
171.056
0
287.621
0
-45.7813
-95.3182
170.327
0
287.621
0
-43.3429
-95.3182
169.552
0
287.621
0
-41.0479
-95.3182
168.823
0
287.621
0
-38.6094
-95.3182
168.049
0
287.621
0
-36.171
-95.3182
167.274
0
287.621
0
-33.876
-95.3182
166.545
0
287.621
0
-31.4375
-95.3182
165.771
0
287.621
0
-28.9991
-95.3182
164.996
0
287.621
0
-26.5606
-95.3182
164.222
0
287.621
0
-24.2656
-95.3182
163.493
0
287.621
0
-21.8272
-95.3182
162.718
0
287.621
0
-19.3887
-95.3182
161.944
0
287.621
0
-17.0937
-95.3182
161.215
0
287.621
0
-14.6553
-95.3182
160.44
0
287.621
0
-12.2168
-95.3182
159.666
0
287.621
0
-9.92179
-95.3182
158.937
0
287.621
0
-7.48335
-95.3182
158.162
0
287.621
0
-5.0449
-95.3182
157.388
0
287.621
0
-2.74989
-95.3182
156.659
0
287.621
0
-0.31144
-95.3182
155.884
0
287.621
0
2.12701
-95.3182
155.11
0
287.621
0
4.42202
-95.3182
154.381
0
287.621
0
6.86047
-95.3182
153.606
0
287.621
0
9.29891
-95.3182
152.832
0
287.621
0
11.5939
-95.3182
152.103
0
287.621
0
14.0324
-95.3182
151.328
0
287.621
0
16.4708
-95.3182
150.554
0
287.621
0
18.9093
-95.3182
149.779
0
287.621
0
21.2043
-95.3182
149.05
0
287.621
0
23.6427
-95.3182
148.276
0
287.621
0
25.9377
-95.3182
147.547
0
287.621
0
28.3762
-95.3182
146.772
0
287.621
0
30.6712
-95.3182
146.043
0
287.621
0
33.1096
-95.3182
145.269
0
287.621
0
35.4047
-95.3182
144.54
0
287.621
0
37.8431
-95.3182
143.765
0
287.621
0
39.9947
-95.3182
143.082
0
287.621
0
42.1463
-95.3182
142.398
0
287.621
0
44.5847
-95.3182
141.624
0
287.621
0
46.8797
-95.3182
140.895
0
287.621
0
49.3182
-95.3182
140.12
0
287.621
0
51.7566
-95.3182
139.346
0
287.621
0
54.1951
-95.3182
138.571
0
287.621
0
56.4901
-95.3182
137.842
0
287.621
0
58.9285
-95.3182
137.068
0
287.621
0
61.2235
-95.3182
136.339
0
287.621
0
63.662
-95.3182
135.564
0
287.621
0
65.957
-95.3182
134.835
0
287.621
0
68.3954
-95.3182
134.061
0
287.621
0
71.1208
-95.3182
133.195
0
290.481
0
73.3766
-95.3182
132.353
0
292.889
0
75.8723
-95.3182
131.299
0
295.598
0
78.1796
-95.3182
130.194
0
298.156
0
80.4354
-95.3182
128.986
0
300.715
0
82.5056
-95.3182
127.756
0
303.123
0
84.6483
-95.3182
126.358
0
305.681
0
86.6043
-95.3182
124.954
0
308.089
0
88.6179
-95.3182
123.375
0
310.648
0
90.5591
-95.3182
121.709
0
313.206
0
92.2046
-95.3182
120.163
0
315.464
0
94.1046
-95.3182
118.232
0
318.173
0
95.8108
-95.3182
116.326
0
320.732
0
97.335
-95.3182
114.462
0
323.139
0
98.8697
-95.3182
112.414
0
325.698
0
100.227
-95.3182
110.425
0
328.106
0
101.579
-95.3182
108.253
0
330.664
0
102.758
-95.3182
106.154
0
333.072
0
103.917
-95.3182
103.873
0
335.631
0
105.035
-95.3182
101.405
0
338.34
0
105.924
-95.3182
99.1671
0
340.748
0
106.767
-95.3182
96.7517
0
343.306
0
107.502
-95.3182
94.301
0
345.865
0
108.09
-95.3182
91.9659
0
348.273
0
108.61
-95.3182
89.4608
0
350.831
0
108.994
-95.3182
87.0836
0
353.239
0
109.277
-95.3182
84.6923
0
355.647
0
109.483
-95.3182
81.9911
0
358.356
0
109.552
-95.3182
79.5841
0
0
0
109.552
-95.3182
77.0256
0
2.5585
0
109.438
-95.3182
74.4697
0
5.117
0
109.236
-95.3182
72.2212
0
7.3745
0
108.908
-95.3182
69.6838
0
9.933
0
108.467
-95.3182
67.1637
0
12.4915
0
107.913
-95.3182
64.6658
0
15.05
0
107.249
-95.3182
62.195
0
17.6085
0
106.475
-95.3182
59.7564
0
20.167
0
105.645
-95.3182
57.496
0
22.575
0
104.663
-95.3182
55.1336
0
25.1335
0
103.576
-95.3182
52.8173
0
27.692
0
102.457
-95.3182
50.6851
0
30.1
0
101.174
-95.3182
48.4716
0
32.6585
0
99.7931
-95.3182
46.3176
0
35.217
0
98.4044
-95.3182
44.3504
0
37.625
0
96.8425
-95.3182
42.324
0
40.1835
0
95.2888
-95.3182
40.4843
0
42.5915
0
93.5573
-95.3182
38.6008
0
45.15
0
91.7434
-95.3182
36.7964
0
47.7085
0
89.8508
-95.3182
35.0747
0
50.267
0
87.999
-95.3182
33.5355
0
52.675
0
86.0841
-95.3182
32.0755
0
55.083
0
83.9862
-95.3182
30.611
0
57.6415
0
81.9521
-95.3182
29.3222
0
60.0495
0
79.6049
-95.3182
27.9697
0
62.7585
0
77.464
-95.3182
26.8675
0
65.1665
0
75.142
-95.3182
25.793
0
67.725
0
72.9137
-95.3182
24.8802
0
70.133
0
70.5075
-95.3182
24.0107
0
72.6915
0
68.0649
-95.3182
23.2495
0
75.25
0
65.5907
-95.3182
22.5981
0
77.8085
0
62.9428
-95.3182
22.0261
0
80.5175
0
60.5677
-95.3182
21.6293
0
82.9255
0
58.178
-95.3182
21.3328
0
85.3335
0
55.628
-95.3182
21.1246
0
87.892
0
53.2216
-95.3182
21.0361
0
90.3
0
50.6631
-95.3182
21.0494
0
92.8585
0
48.2581
-95.3182
21.1695
0
92.8585
0
45.7028
-95.3182
21.2971
0
92.8585
0
43.1475
-95.3182
21.4247
0
92.8585
0
40.4419
-95.3182
21.5598
0
92.8585
0
38.0369
-95.3182
21.6799
0
92.8585
0
35.4816
-95.3182
21.8075
0
92.8585
0
33.0766
-95.3182
21.9276
0
92.8585
0
30.5213
-95.3182
22.0552
0
92.8585
0
27.9659
-95.3182
22.1828
0
92.8585
0
25.4106
-95.3182
22.3104
0
92.8585
0
23.0056
-95.3182
22.4305
0
90.4505
0
20.4472
-95.3182
22.4506
0
87.892
0
18.0408
-95.3182
22.362
0
85.484
0
15.4903
-95.3182
22.1606
0
82.9255
0
12.9513
-95.3182
21.8454
0
82.9255
0
10.5616
-95.3182
21.5489
0
82.9255
0
8.02257
-95.3182
21.2338
0
82.9255
0
5.48355
-95.3182
20.9187
0
82.9255
0
3.09389
-95.3182
20.6221
0
82.9255
0
0.554864
-95.3182
20.307
0
82.9255
0
-1.98416
-95.3182
19.9919
0
82.9255
0
-4.37383
-95.3182
19.6953
0
82.9255
0
-6.91285
-95.3182
19.3802
0
82.9255
0
-9.45187
-95.3182
19.0651
0
82.9255
0
-11.8415
-95.3182
18.7685
0
82.9255
0
-14.3806
-95.3182
18.4534
0
82.9255
0
-16.7702
-95.3182
18.1569
0
82.9255
0
-19.3092
-95.3182
17.8418
0
82.9255
0
-21.8483
-95.3182
17.5266
0
82.9255
0
-24.0886
-95.3182
17.2486
0
82.9255
0
-26.4783
-95.3182
16.952
0
82.9255
0
