50
-56.4269
-20
0
90
0
49.904
-56.4269
-20
0
90
0
49.848
-56.4269
-20
0
90
0
49.752
-56.4269
-20
0
90
0
49.616
-56.4269
-20
0
90.17
0
49.456
-56.4269
-19.9995
0
90.362
0
49.264
-56.4269
-19.9983
0
90.586
0
49.026
-56.4269
-19.9959
0
90.586
0
48.738
-56.4269
-19.9929
0
90.586
0
48.45
-56.4269
-19.99
0
90.586
0
48.1101
-56.4269
-19.9865
0
90.586
0
47.7581
-56.4269
-19.9829
0
90.586
0
47.3741
-56.4269
-19.979
0
90.586
0
46.9321
-56.4269
-19.9745
0
90.586
0
46.4841
-56.4269
-19.9699
0
90.586
0
45.9742
-56.4269
-19.9647
0
90.586
0
45.4302
-56.4269
-19.9591
0
90.586
0
44.8522
-56.4269
-19.9532
0
90.586
0
44.2763
-56.4269
-19.9473
0
90.586
0
43.6303
-56.4269
-19.9407
0
90.586
0
42.9503
-56.4269
-19.9337
0
91.3
0
42.2785
-56.4269
-19.9185
0
92.004
0
41.531
-56.4269
-19.8923
0
92.786
0
40.7958
-56.4269
-19.8566
0
93.554
0
39.9335
-56.4269
-19.803
0
94.454
0
39.1359
-56.4269
-19.7409
0
94.454
0
38.2546
-56.4269
-19.6722
0
94.454
0
37.3932
-56.4269
-19.6051
0
94.454
0
36.4441
-56.4269
-19.5312
0
94.454
0
35.461
-56.4269
-19.4546
0
94.454
0
34.5039
-56.4269
-19.3801
0
94.454
0
33.4531
-56.4269
-19.2982
0
94.454
0
32.4322
-56.4269
-19.2187
0
94.454
0
31.3136
-56.4269
-19.1316
0
94.454
0
30.1611
-56.4269
-19.0418
0
94.454
0
28.9747
-56.4269
-18.9494
0
94.454
0
27.8262
-56.4269
-18.8599
0
95.638
0
26.5743
-56.4269
-18.7363
0
96.93
0
25.2917
-56.4269
-18.5805
0
98.256
0
24.0566
-56.4269
-18.4012
0
99.536
0
22.7154
-56.4269
-18.1759
0
100.93
0
21.3467
-56.4269
-17.9116
0
100.93
0
20.0271
-56.4269
-17.6568
0
100.93
0
18.6761
-56.4269
-17.3959
0
100.93
0
17.2072
-56.4269
-17.1122
0
100.93
0
15.7933
-56.4269
-16.8392
0
100.93
0
14.348
-56.4269
-16.5601
0
100.93
0
12.779
-56.4269
-16.2571
0
100.93
0
11.1766
-56.4269
-15.9477
0
100.93
0
9.54083
-56.4269
-15.6318
0
100.93
0
7.96986
-56.4269
-15.3284
0
102.562
0
6.27737
-56.4269
-14.9512
0
104.33
0
4.56437
-56.4269
-14.5137
0
106.132
0
2.93516
-56.4269
-14.0424
0
107.86
0
1.18764
-56.4269
-13.4793
0
109.73
0
-0.572584
-56.4269
-12.848
0
109.73
0
-2.36481
-56.4269
-12.2053
0
109.73
0
-4.08173
-56.4269
-11.5895
0
109.73
0
-5.93796
-56.4269
-10.9238
0
109.73
0
-7.71512
-56.4269
-10.2864
0
109.73
0
-9.63536
-56.4269
-9.59775
0
109.73
0
-11.4728
-56.4269
-8.93878
0
109.73
0
-13.457
-56.4269
-8.22714
0
109.73
0
-15.4733
-56.4269
-7.50403
0
109.73
0
-17.401
-56.4269
-6.81265
0
109.73
0
-19.4813
-56.4269
-6.06658
0
109.73
0
-21.5936
-56.4269
-5.30903
0
109.73
0
-23.6117
-56.4269
-4.58524
0
109.73
0
-25.916
-56.4269
-3.75883
0
107.246
0
-28.0247
-56.4269
-3.10421
0
105.006
0
-30.1883
-56.4269
-2.52423
0
102.734
0
-32.543
-56.4269
-1.99213
0
100.286
0
-34.8099
-56.4269
-1.58072
0
100.286
0
-37.252
-56.4269
-1.13753
0
100.286
0
-39.582
-56.4269
-0.714697
0
100.286
0
-42.091
-56.4269
-0.259365
0
100.286
0
-44.4839
-56.4269
0.174897
0
100.286
0
-47.0598
-56.4269
0.642371
0
100.286
0
-49.6692
-56.4269
1.11592
0
100.286
0
-52.1566
-56.4269
1.56732
0
100.286
0
-54.8329
-56.4269
2.05301
0
100.286
0
-57.5426
-56.4269
2.54477
0
100.286
0
-60.2858
-56.4269
3.0426
0
100.286
0
-62.8991
-56.4269
3.51686
0
100.286
0
-65.7092
-56.4269
4.02683
0
100.286
0
-68.5528
-56.4269
4.54287
0
100.286
0
-71.2606
-56.4269
5.03427
0
100.286
0
-74.171
-56.4269
5.56246
0
100.286
0
-77.1149
-56.4269
6.09671
0
100.286
0
-79.9172
-56.4269
6.60526
0
100.286
0
-82.928
-56.4269
7.15166
0
100.286
0
-85.9723
-56.4269
7.70413
0
100.286
0
-88.869
-56.4269
8.22981
0
100.286
0
-91.9801
-56.4269
8.79442
0
100.286
0
-95.1248
-56.4269
9.36511
0
103.516
0
-98.0806
-56.4269
10.0756
0
106.588
0
-101.209
-56.4269
11.0074
0
109.886
0
-104.31
-56.4269
12.1293
0
113.218
0
-107.372
-56.4269
13.4428
0
116.584
0
-110.559
-56.4269
15.0377
0
116.584
0
-113.6
-56.4269
16.5593
0
116.584
0
-116.49
-56.4269
18.0056
0
116.584
0
-119.592
-56.4269
19.5576
0
116.584
0
-122.723
-56.4269
21.1248
0
116.584
0
-125.7
-56.4269
22.6141
0
116.584
0
-128.892
-56.4269
24.2117
0
116.584
0
-132.115
-56.4269
25.8245
0
116.584
0
-135.177
-56.4269
27.3568
0
116.584
0
-138.461
-56.4269
29
0
116.584
0
-141.775
-56.4269
30.6585
0
116.584
0
-144.923
-56.4269
32.2337
0
116.584
0
-148.298
-56.4269
33.9226
0
116.584
0
-151.703
-56.4269
35.6267
0
120.426
0
-155.016
-56.4269
37.5724
0
124.302
0
-158.03
-56.4269
39.6283
0
127.982
0
-161.112
-56.4269
42.0346
0
131.926
0
-164.046
-56.4269
44.6698
0
135.904
0
-166.652
-56.4269
47.3587
0
139.68
0
-169.248
-56.4269
50.4176
0
143.726
0
-171.641
-56.4269
53.6794
0
147.806
0
-173.687
-56.4269
56.929
0
151.678
0
-175.639
-56.4269
60.5506
0
155.826
0
-177.238
-56.4269
64.1122
0
159.762
0
-178.514
-56.4269
67.5744
0
163.482
0
-179.713
-56.4269
71.6164
0
163.482
0
-180.921
-56.4269
75.691
0
163.482
0
-182.068
-56.4269
79.5566
0
163.482
0
-183.288
-56.4269
83.672
0
163.482
0
-184.583
-56.4269
88.038
0
163.482
0
-185.736
-56.4269
91.9267
0
163.482
0
-186.891
-56.4269
95.8229
0
163.482
0
-188.194
-56.4269
100.215
0
163.482
0
-189.281
-56.4269
103.882
0
163.482
0
-190.516
-56.4269
108.046
0
167.834
0
-191.38
-56.4269
112.05
0
171.938
0
-191.955
-56.4269
116.114
0
176.05
0
-192.256
-56.4269
120.472
0
180.428
0
-192.223
-56.4269
124.85
0
184.814
0
-191.855
-56.4269
129.22
0
189.208
0
-191.152
-56.4269
133.558
0
193.611
0
-190.177
-56.4269
137.586
0
197.763
0
-188.831
-56.4269
141.787
0
197.763
0
-187.483
-56.4269
145.996
0
197.763
0
-186.132
-56.4269
150.214
0
197.763
0
-184.858
-56.4269
154.191
0
197.763
0
-183.581
-56.4269
158.175
0
197.763
0
-182.222
-56.4269
162.417
0
197.763
0
-180.861
-56.4269
166.667
0
202.234
0
-179.269
-56.4269
170.562
0
206.45
0
-177.039
-56.4269
175.044
0
211.466
0
-174.696
-56.4269
178.872
0
215.963
0
-172.055
-56.4269
182.512
0
220.468
0
-169.132
-56.4269
185.939
0
224.981
0
-166.129
-56.4269
188.944
0
229.237
0
-162.905
-56.4269
191.723
0
233.501
0
-159.263
-56.4269
194.417
0
233.501
0
-155.614
-56.4269
197.117
0
233.501
0
-151.959
-56.4269
199.822
0
233.501
0
-148.512
-56.4269
202.373
0
233.501
0
-144.843
-56.4269
205.088
0
233.501
0
-141.167
-56.4269
207.808
0
233.501
0
-137.484
-56.4269
210.533
0
233.501
0
-134.011
-56.4269
213.102
0
233.501
0
-130.314
-56.4269
215.838
0
238.108
0
-126.633
-56.4269
218.128
0
242.452
0
-122.541
-56.4269
220.263
0
247.076
0
-118.532
-56.4269
221.958
0
251.436
0
-114.141
-56.4269
223.433
0
256.077
0
-109.636
-56.4269
224.55
0
260.727
0
-105.317
-56.4269
225.255
0
265.111
0
-100.676
-56.4269
225.652
0
269.777
0
-96.01
-56.4269
225.67
0
269.777
0
-91.61
-56.4269
225.687
0
269.777
0
-86.9265
-56.4269
225.705
0
269.777
0
-82.2346
-56.4269
225.724
0
269.777
0
-77.8106
-56.4269
225.741
0
269.777
0
-72.8247
-56.4269
225.76
0
269.777
0
-68.3847
-56.4269
225.778
0
269.777
0
-63.9367
-56.4269
225.795
0
269.777
0
-59.2023
-56.4269
225.813
0
269.777
0
-54.4593
-56.4269
225.832
0
274.529
0
-50.0013
-56.4269
225.479
0
279.009
0
-45.3
-56.4269
224.733
0
283.777
0
-40.6687
-56.4269
223.598
0
288.554
0
-36.14
-56.4269
222.078
0
293.34
0
-32.0045
-56.4269
220.293
0
297.852
0
-27.7658
-56.4269
218.054
0
297.852
0
-23.7694
-56.4269
215.942
0
297.852
0
-19.2655
-56.4269
213.562
0
297.852
0
-15.0043
-56.4269
211.311
0
297.852
0
-10.7356
-56.4269
209.055
0
297.852
0
-6.71085
-56.4269
206.928
0
297.852
0
-2.42709
-56.4269
204.665
0
292.998
0
1.51503
-56.4269
202.992
0
288.708
0
6.12015
-56.4269
201.432
0
283.837
0
10.8493
-56.4269
200.267
0
278.958
0
15.396
-56.4269
199.774
0
274.358
0
15.7334
-56.4269
200.118
0
269.462
0
15.7558
-56.4269
200.535
0
269.462
0
20.6601
-56.4269
200.581
0
269.462
0
25.5729
-56.4269
200.627
0
269.462
0
29.9152
-56.4269
200.668
0
269.462
0
34.845
-56.4269
200.714
0
269.462
0
39.7833
-56.4269
200.76
0
269.462
0
44.4391
-56.4269
200.804
0
269.462
0
49.3943
-56.4269
200.851
0
269.462
0
54.3581
-56.4269
200.897
0
269.462
0
59.3304
-56.4269
200.944
0
269.462
0
64.0182
-56.4269
200.988
0
269.462
0
69.0075
-56.4269
201.035
0
269.462
0
73.7113
-56.4269
201.079
0
269.462
0
78.7176
-56.4269
201.126
0
269.462
0
83.1424
-56.4269
201.167
0
269.462
0
87.5747
-56.4269
201.209
0
269.462
0
92.6065
-56.4269
201.256
0
269.462
0
97.6468
-56.4269
201.303
0
269.462
0
102.399
-56.4269
201.348
0
269.462
0
107.456
-56.4269
201.395
0
269.462
0
112.522
-56.4269
201.443
0
269.462
0
117.297
-56.4269
201.488
0
269.462
0
122.38
-56.4269
201.535
0
269.462
0
127.471
-56.4269
201.583
0
269.462
0
132.271
-56.4269
201.628
0
269.462
0
137.38
-56.4269
201.676
0
269.462
0
142.496
-56.4269
201.724
0
269.462
0
147.32
-56.4269
201.769
0
269.462
0
152.454
-56.4269
201.818
0
269.462
0
157.596
-56.4269
201.866
0
269.462
0
162.444
-56.4269
201.911
0
269.462
0
167.603
-56.4269
201.96
0
269.462
0
172.771
-56.4269
202.008
0
269.462
0
177.947
-56.4269
202.057
0
269.462
0
182.827
-56.4269
202.103
0
269.462
0
187.715
-56.4269
202.148
0
269.462
0
192.917
-56.4269
202.197
0
269.462
0
198.127
-56.4269
202.246
0
269.462
0
203.346
-56.4269
202.295
0
269.462
0
208.265
-56.4269
202.341
0
269.462
0
213.501
-56.4269
202.39
0
274.707
0
218.728
-56.4269
201.96
0
279.96
0
223.597
-56.4269
201.105
0
284.912
0
228.682
-56.4269
199.751
0
290.182
0
233.628
-56.4269
197.933
0
295.46
0
238.955
-56.4269
195.397
0
301.369
0
243.203
-56.4269
192.806
0
301.369
0
247.725
-56.4269
190.05
0
301.369
0
252.254
-56.4269
187.289
0
301.369
0
256.79
-56.4269
184.523
0
301.369
0
261.6
-56.4269
181.59
0
301.369
0
265.615
-56.4269
179.143
0
306.079
0
269.929
-56.4269
175.999
0
311.426
0
273.938
-56.4269
172.461
0
316.781
0
277.39
-56.4269
168.789
0
321.829
0
280.704
-56.4269
164.572
0
327.201
0
283.443
-56.4269
160.322
0
332.265
0
285.947
-56.4269
155.56
0
337.654
0
287.875
-56.4269
150.869
0
342.734
0
289.477
-56.4269
145.714
0
348.14
0
290.523
-56.4269
140.735
0
353.236
0
291.161
-56.4269
135.358
0
358.659
0
291.288
-56.4269
129.937
0
358.659
0
291.415
-56.4269
124.507
0
358.659
0
291.542
-56.4269
119.068
0
358.659
0
291.662
-56.4269
113.942
0
358.659
0
291.79
-56.4269
108.486
0
358.659
0
291.91
-56.4269
103.343
0
358.659
0
292.038
-56.4269
97.8709
0
358.659
0
292.167
-56.4269
92.3899
0
358.659
0
292.295
-56.4269
86.9005
0
358.659
0
292.416
-56.4269
81.7259
0
358.659
0
292.545
-56.4269
76.2194
0
358.659
0
292.674
-56.4269
70.7044
0
358.659
0
292.796
-56.4269
65.5058
0
0
0
292.796
-56.4269
59.9723
0
5.542
0
292.261
-56.4269
54.4562
0
11.0925
0
291.256
-56.4269
49.3298
0
16.3245
0
289.693
-56.4269
43.9949
0
21.892
0
287.74
-56.4269
39.1328
0
27.14
0
285.196
-56.4269
34.1707
0
32.7245
0
282.355
-56.4269
29.749
0
32.7245
0
279.331
-56.4269
25.0437
0
32.7245
0
276.303
-56.4269
20.3312
0
32.7245
0
273.27
-56.4269
15.6117
0
32.7245
0
270.411
-56.4269
11.163
0
32.7245
0
267.369
-56.4269
6.4291
0
32.7245
0
264.323
-56.4269
1.68807
0
32.7245
0
261.272
-56.4269
-3.06011
0
38.377
0
257.969
-56.4269
-7.23069
0
43.705
0
254.057
-56.4269
-11.3231
0
49.3745
0
250.007
-56.4269
-14.7974
0
54.7185
0
245.645
-56.4269
-17.8841
0
60.0705
0
240.717
-56.4269
-20.7212
0
65.7655
0
235.524
-56.4269
-23.0589
0
71.469
0
230.116
-56.4269
-24.8716
0
77.181
0
224.546
-56.4269
-26.1389
0
77.181
0
219.297
-56.4269
-27.3334
0
77.181
0
213.71
-56.4269
-28.6045
0
77.181
0
208.445
-56.4269
-29.8027
0
77.181
0
202.842
-56.4269
-31.0775
0
77.181
0
197.231
-56.4269
-32.3543
0
77.181
0
191.612
-56.4269
-33.6329
0
77.181
0
186.315
-56.4269
-34.8382
0
77.181
0
180.679
-56.4269
-36.1206
0
77.181
0
175.367
-56.4269
-37.3293
0
77.181
0
169.714
-56.4269
-38.6155
0
77.181
0
164.054
-56.4269
-39.9036
0
77.181
0
158.718
-56.4269
-41.1177
0
82.661
0
152.943
-56.4269
-41.8614
0
88.492
0
146.771
-56.4269
-42.0239
0
94.675
0
141.294
-56.4269
-41.576
0
100.179
0
135.876
-56.4269
-40.6033
0
100.179
0
130.112
-56.4269
-39.5683
0
100.179
0
124.339
-56.4269
-38.5318
0
100.179
0
118.898
-56.4269
-37.5549
0
100.179
0
113.109
-56.4269
-36.5154
0
100.179
0
107.652
-56.4269
-35.5356
0
100.179
0
101.846
-56.4269
-34.4931
0
100.179
0
96.3735
-56.4269
-33.5105
0
100.179
0
90.5506
-56.4269
-32.465
0
100.179
0
84.7193
-56.4269
-31.418
0
100.179
0
79.2232
-56.4269
-30.4312
0
100.179
0
73.0312
-56.4269
-29.3194
0
100.179
0
67.1749
-56.4269
-28.2679
0
100.179
0
61.3102
-56.4269
-27.2149
0
100.179
0
55.4371
-56.4269
-26.1604
0
100.179
0
49.9016
-56.4269
-25.1665
0
100.179
0
