10
-95.3182
10
0
90
0
9.972
-95.3182
10
0
90
0
9.908
-95.3182
10
0
90
0
9.818
-95.3182
10
0
90
0
9.682
-95.3182
10
0
90
0
9.522
-95.3182
10
0
90
0
9.318
-95.3182
10
0
90
0
9.094
-95.3182
10
0
89.744
0
8.822
-95.3182
9.99879
0
89.438
0
8.51602
-95.3182
9.99578
0
89.098
0
8.19606
-95.3182
9.99075
0
88.746
0
7.82215
-95.3182
9.98256
0
88.338
0
7.41432
-95.3182
9.97073
0
88.338
0
6.99849
-95.3182
9.95866
0
88.338
0
6.55068
-95.3182
9.94567
0
88.338
0
6.01091
-95.3182
9.93001
0
88.338
0
5.49912
-95.3182
9.91516
0
88.338
0
4.95535
-95.3182
9.89938
0
88.338
0
4.30763
-95.3182
9.88059
0
88.338
0
3.69988
-95.3182
9.86296
0
88.338
0
3.06015
-95.3182
9.84439
0
88.338
0
2.34645
-95.3182
9.82368
0
87.59
0
1.59911
-95.3182
9.79223
0
86.808
0
0.864254
-95.3182
9.75125
0
86.04
0
0.0502021
-95.3182
9.6949
0
85.19
0
-0.796804
-95.3182
9.62362
0
84.306
0
-1.67644
-95.3182
9.53592
0
83.388
0
-2.5347
-95.3182
9.43643
0
82.492
0
-3.47853
-95.3182
9.31204
0
82.492
0
-4.39858
-95.3182
9.19078
0
82.492
0
-5.46932
-95.3182
9.04967
0
82.492
0
-6.45281
-95.3182
8.92005
0
82.492
0
-7.46804
-95.3182
8.78625
0
82.492
0
-8.58042
-95.3182
8.63964
0
82.492
0
-9.72651
-95.3182
8.48859
0
82.492
0
-10.8369
-95.3182
8.34225
0
82.492
0
-12.1218
-95.3182
8.17291
0
82.492
0
-13.2956
-95.3182
8.0182
0
82.492
0
-14.5012
-95.3182
7.85931
0
82.492
0
-15.8158
-95.3182
7.68605
0
82.492
0
-17.1642
-95.3182
7.50835
0
82.492
0
-18.4649
-95.3182
7.33692
0
82.492
0
-19.8807
-95.3182
7.15033
0
82.492
0
-21.2449
-95.3182
6.97054
0
82.492
0
-22.6408
-95.3182
6.78656
0
82.492
0
-24.0685
-95.3182
6.5984
0
82.492
0
-25.6191
-95.3182
6.39404
0
82.492
0
-27.1102
-95.3182
6.19752
0
82.492
0
-28.7282
-95.3182
5.98428
0
82.492
0
-30.2828
-95.3182
5.7794
0
82.492
0
-31.9682
-95.3182
5.55727
0
82.492
0
-33.6873
-95.3182
5.3307
0
82.492
0
-35.4402
-95.3182
5.09968
0
82.492
0
-37.1216
-95.3182
4.87808
0
82.492
0
-38.9419
-95.3182
4.63818
0
82.492
0
-40.6868
-95.3182
4.40821
0
82.492
0
-42.5745
-95.3182
4.15942
0
82.492
0
-44.4958
-95.3182
3.90619
0
82.492
0
-46.3359
-95.3182
3.66368
0
80.604
0
-48.315
-95.3182
3.33619
0
78.564
0
-50.3145
-95.3182
2.93171
0
76.49
0
-52.3311
-95.3182
2.44719
0
74.382
0
-54.2419
-95.3182
1.91306
0
74.382
0
-56.3048
-95.3182
1.33638
0
74.382
0
-58.2772
-95.3182
0.785015
0
74.382
0
-60.4056
-95.3182
0.190034
0
74.382
0
-62.5667
-95.3182
-0.414101
0
74.382
0
-64.7606
-95.3182
-1.02739
0
74.382
0
-66.9873
-95.3182
-1.64983
0
74.382
0
-69.1137
-95.3182
-2.24427
0
74.382
0
-71.4059
-95.3182
-2.88502
0
74.382
0
-73.594
-95.3182
-3.4967
0
74.382
0
-75.9516
-95.3182
-4.15575
0
74.382
0
-78.2013
-95.3182
-4.78466
0
74.382
0
-80.6245
-95.3182
-5.46202
0
74.382
0
-83.0803
-95.3182
-6.14854
0
74.382
0
-85.4225
-95.3182
-6.80328
0
74.382
0
-87.9438
-95.3182
-7.50811
0
74.382
0
-90.4979
-95.3182
-8.22209
0
74.382
0
-92.9326
-95.3182
-8.90268
0
74.382
0
-95.5522
-95.3182
-9.63496
0
74.382
0
-98.2045
-95.3182
-10.3764
0
77.17
0
-100.923
-95.3182
-10.9955
0
79.992
0
-103.538
-95.3182
-11.4571
0
82.68
0
-106.371
-95.3182
-11.821
0
85.57
0
-109.083
-95.3182
-12.0311
0
85.57
0
-111.998
-95.3182
-12.2569
0
85.57
0
-114.948
-95.3182
-12.4854
0
85.57
0
-117.755
-95.3182
-12.7029
0
85.57
0
-120.772
-95.3182
-12.9366
0
85.57
0
-123.823
-95.3182
-13.173
0
85.57
0
-126.726
-95.3182
-13.3979
0
85.57
0
-129.845
-95.3182
-13.6395
0
85.57
0
-132.812
-95.3182
-13.8694
0
85.57
0
-135.998
-95.3182
-14.1162
0
85.57
0
-139.219
-95.3182
-14.3657
0
85.57
0
-142.282
-95.3182
-14.603
0
85.57
0
-145.57
-95.3182
-14.8578
0
85.57
0
-148.892
-95.3182
-15.1151
0
85.57
0
-152.248
-95.3182
-15.3751
0
82.17
0
-155.616
-95.3182
-15.8383
0
78.736
0
-158.786
-95.3182
-16.4696
0
75.472
0
-162.143
-95.3182
-17.3396
0
71.97
0
-165.473
-95.3182
-18.4235
0
68.434
0
-168.568
-95.3182
-19.6468
0
68.434
0
-171.888
-95.3182
-20.959
0
68.434
0
-175.24
-95.3182
-22.2837
0
68.434
0
-178.424
-95.3182
-23.5423
0
68.434
0
-181.839
-95.3182
-24.892
0
68.434
0
-185.083
-95.3182
-26.1741
0
68.434
0
-188.561
-95.3182
-27.5489
0
68.434
0
-191.864
-95.3182
-28.8545
0
68.434
0
-195.614
-95.3182
-30.3365
0
68.434
0
-198.977
-95.3182
-31.6657
0
68.434
0
-202.582
-95.3182
-33.0904
0
68.434
0
-206.004
-95.3182
-34.443
0
68.434
0
-209.672
-95.3182
-35.8927
0
68.434
0
-213.154
-95.3182
-37.2689
0
68.434
0
-216.885
-95.3182
-38.7436
0
68.434
0
-220.648
-95.3182
-40.2308
0
68.434
0
-224.442
-95.3182
-41.7305
0
64.32
0
-228.586
-95.3182
-43.723
0
59.684
0
-231.956
-95.3182
-45.6937
0
55.748
0
-235.413
-95.3182
-48.0474
0
51.532
0
-238.519
-95.3182
-50.5158
0
47.532
0
-241.654
-95.3182
-53.3853
0
43.248
0
-244.417
-95.3182
-56.3222
0
39.208
0
-247.29
-95.3182
-59.844
0
34.654
0
-249.736
-95.3182
-63.382
0
30.3445
0
-251.785
-95.3182
-66.8823
0
26.2805
0
-253.697
-95.3182
-70.754
0
21.954
0
-255.029
-95.3182
-74.0586
0
18.384
0
-256.396
-95.3182
-78.1724
0
14.0405
0
-257.388
-95.3182
-82.1383
0
9.94451
0
-258.139
-95.3182
-86.4249
0
5.58401
0
-258.564
-95.3182
-90.7647
0
1.21501
0
-258.651
-95.3182
-94.8758
0
359
0
-258.574
-95.3182
-99.2526
0
354.614
0
-258.163
-95.3182
-103.619
0
350.22
0
-257.46
-95.3182
-107.695
0
346.076
0
-256.401
-95.3182
-111.969
0
341.664
0
-255.094
-95.3182
-115.91
0
337.504
0
-253.304
-95.3182
-120.234
0
332.815
0
-251.043
-95.3182
-124.637
0
327.856
0
-248.821
-95.3182
-128.172
0
323.672
0
-246.342
-95.3182
-131.543
0
323.672
0
-243.704
-95.3182
-135.132
0
323.672
0
-241.06
-95.3182
-138.727
0
323.672
0
-238.567
-95.3182
-142.117
0
323.672
0
-235.913
-95.3182
-145.726
0
323.672
0
-233.098
-95.3182
-149.554
0
323.672
0
-230.591
-95.3182
-152.964
0
323.672
0
-228.079
-95.3182
-156.379
0
319.424
0
-225.144
-95.3182
-159.808
0
314.902
0
-221.941
-95.3182
-163
0
310.372
0
-218.692
-95.3182
-165.762
0
306.1
0
-215.025
-95.3182
-168.436
0
301.552
0
-211.149
-95.3182
-170.816
0
296.996
0
-207.329
-95.3182
-172.762
0
292.7
0
-203.118
-95.3182
-174.524
0
288.127
0
-199.027
-95.3182
-175.863
0
288.127
0
-194.673
-95.3182
-177.288
0
288.127
0
-190.054
-95.3182
-178.8
0
288.127
0
-185.941
-95.3182
-180.147
0
288.127
0
-181.563
-95.3182
-181.58
0
288.127
0
-177.434
-95.3182
-182.932
0
288.127
0
-173.04
-95.3182
-184.37
0
288.127
0
-168.637
-95.3182
-185.812
0
288.127
0
-164.486
-95.3182
-187.171
0
288.127
0
-160.067
-95.3182
-188.617
0
288.127
0
-155.641
-95.3182
-190.066
0
288.127
0
-151.466
-95.3182
-191.433
0
283.727
0
-146.925
-95.3182
-192.542
0
279.044
0
-142.572
-95.3182
-193.235
0
274.628
0
-137.895
-95.3182
-193.614
0
269.927
0
-133.471
-95.3182
-193.608
0
269.927
0
-128.762
-95.3182
-193.602
0
269.927
0
-124.045
-95.3182
-193.596
0
269.927
0
-119.319
-95.3182
-193.59
0
269.927
0
-114.863
-95.3182
-193.584
0
269.927
0
-110.12
-95.3182
-193.578
0
269.927
0
-105.368
-95.3182
-193.572
0
269.927
0
-100.608
-95.3182
-193.566
0
269.927
0
-96.1201
-95.3182
-193.56
0
269.927
0
-91.3431
-95.3182
-193.554
0
269.927
0
-86.5576
-95.3182
-193.548
0
269.927
0
-82.0456
-95.3182
-193.543
0
269.927
0
-77.2431
-95.3182
-193.536
0
269.927
0
-72.4321
-95.3182
-193.53
0
269.927
0
-67.8961
-95.3182
-193.525
0
269.927
0
-63.0681
-95.3182
-193.518
0
269.927
0
-58.2316
-95.3182
-193.512
0
269.927
0
-53.6716
-95.3182
-193.506
0
269.927
0
-48.8181
-95.3182
-193.5
0
269.927
0
-44.2421
-95.3182
-193.494
0
269.927
0
-39.3716
-95.3182
-193.488
0
269.927
0
-34.4926
-95.3182
-193.482
0
269.927
0
-29.8926
-95.3182
-193.476
0
269.927
0
-24.9967
-95.3182
-193.47
0
269.927
0
-20.3807
-95.3182
-193.464
0
269.927
0
-15.4677
-95.3182
-193.458
0
269.927
0
-10.5462
-95.3182
-193.452
0
269.927
0
-5.90617
-95.3182
-193.446
0
269.927
0
-0.967673
-95.3182
-193.439
0
269.927
0
3.97932
-95.3182
-193.433
0
269.927
0
8.64332
-95.3182
-193.427
0
269.927
0
13.6073
-95.3182
-193.421
0
269.927
0
18.5798
-95.3182
-193.415
0
269.927
0
23.2678
-95.3182
-193.409
0
269.927
0
27.9638
-95.3182
-193.403
0
269.927
0
32.9618
-95.3182
-193.396
0
269.927
0
37.6738
-95.3182
-193.39
0
269.927
0
42.3938
-95.3182
-193.384
0
269.927
0
46.8263
-95.3182
-193.379
0
269.927
0
51.8583
-95.3182
-193.372
0
269.927
0
56.8988
-95.3182
-193.366
0
269.927
0
61.6508
-95.3182
-193.36
0
269.927
0
66.7083
-95.3182
-193.353
0
269.927
0
71.7743
-95.3182
-193.347
0
269.927
0
76.7638
-95.3182
-193.34
0
269.927
0
81.3798
-95.3182
-193.335
0
269.927
0
85.9158
-95.3182
-193.329
0
269.927
0
90.6503
-95.3182
-193.323
0
265.193
0
95.0109
-95.3182
-192.956
0
260.817
0
99.5169
-95.3182
-192.228
0
256.252
0
103.868
-95.3182
-191.163
0
251.773
0
108.042
-95.3182
-189.789
0
251.773
0
112.135
-95.3182
-188.441
0
251.773
0
115.912
-95.3182
-187.197
0
251.773
0
119.844
-95.3182
-185.902
0
251.773
0
123.468
-95.3182
-184.709
0
251.773
0
127.238
-95.3182
-183.467
0
251.773
0
130.928
-95.3182
-182.252
0
251.773
0
134.325
-95.3182
-181.133
0
251.773
0
137.853
-95.3182
-179.971
0
251.773
0
141.097
-95.3182
-178.903
0
251.773
0
144.464
-95.3182
-177.794
0
251.773
0
147.75
-95.3182
-176.712
0
251.773
0
150.955
-95.3182
-175.657
0
251.773
0
153.896
-95.3182
-174.688
0
251.773
0
156.939
-95.3182
-173.686
0
251.773
0
159.902
-95.3182
-172.71
0
251.773
0
162.615
-95.3182
-171.817
0
251.773
0
165.417
-95.3182
-170.894
0
248.823
0
167.93
-95.3182
-169.92
0
246.127
0
170.771
-95.3182
-168.663
0
243.021
0
173.172
-95.3182
-167.441
0
243.021
0
175.498
-95.3182
-166.257
0
243.021
0
177.748
-95.3182
-165.112
0
243.021
0
180.005
-95.3182
-163.962
0
243.021
0
182.27
-95.3182
-162.809
0
243.021
0
184.409
-95.3182
-161.721
0
243.021
0
186.555
-95.3182
-160.628
0
243.021
0
188.835
-95.3182
-159.467
0
243.021
0
191.115
-95.3182
-158.307
0
243.021
0
193.395
-95.3182
-157.146
0
243.021
0
195.541
-95.3182
-156.054
0
240.613
0
197.77
-95.3182
-154.798
0
238.054
0
199.813
-95.3182
-153.524
0
235.646
0
201.801
-95.3182
-152.165
0
233.238
0
203.851
-95.3182
-150.634
0
230.68
0
205.83
-95.3182
-149.013
0
230.68
0
207.926
-95.3182
-147.296
0
230.68
0
209.789
-95.3182
-145.77
0
230.68
0
211.652
-95.3182
-144.244
0
230.68
0
213.631
-95.3182
-142.623
0
230.68
0
215.61
-95.3182
-141.002
0
230.68
0
217.59
-95.3182
-139.381
0
230.68
0
219.453
-95.3182
-137.855
0
230.68
0
221.432
-95.3182
-136.234
0
230.68
0
223.295
-95.3182
-134.708
0
228.272
0
225.204
-95.3182
-133.005
0
225.713
0
226.928
-95.3182
-131.324
0
223.305
0
228.786
-95.3182
-129.352
0
220.596
0
230.451
-95.3182
-127.409
0
220.596
0
232.018
-95.3182
-125.581
0
220.596
0
233.585
-95.3182
-123.753
0
220.596
0
235.25
-95.3182
-121.81
0
220.596
0
236.817
-95.3182
-119.981
0
220.596
0
238.481
-95.3182
-118.039
0
220.596
0
240.146
-95.3182
-116.096
0
220.596
0
241.811
-95.3182
-114.153
0
220.596
0
243.476
-95.3182
-112.211
0
220.596
0
245.043
-95.3182
-110.382
0
220.596
0
246.708
-95.3182
-108.439
0
220.596
0
248.275
-95.3182
-106.611
0
220.596
0
249.842
-95.3182
-104.783
0
220.596
0
251.507
-95.3182
-102.84
0
220.596
0
253.269
-95.3182
-100.783
0
217.887
0
254.841
-95.3182
-98.7636
0
215.329
0
256.233
-95.3182
-96.799
0
212.921
0
257.624
-95.3182
-94.6514
0
210.362
0
258.917
-95.3182
-92.4438
0
210.362
0
260.134
-95.3182
-90.366
0
210.362
0
261.427
-95.3182
-88.1584
0
210.362
0
262.644
-95.3182
-86.0807
0
210.362
0
263.937
-95.3182
-83.8731
0
210.362
0
265.155
-95.3182
-81.7953
0
210.362
0
266.448
-95.3182
-79.5877
0
210.362
0
267.665
-95.3182
-77.51
0
210.362
0
268.958
-95.3182
-75.3024
0
210.362
0
270.175
-95.3182
-73.2246
0
210.362
0
271.469
-95.3182
-71.0171
0
210.362
0
272.838
-95.3182
-68.6796
0
210.362
0
274.055
-95.3182
-66.6019
0
210.362
0
275.348
-95.3182
-64.3943
0
210.362
0
276.565
-95.3182
-62.3165
0
210.362
0
277.859
-95.3182
-60.1089
0
210.362
0
279.076
-95.3182
-58.0312
0
210.362
0
280.369
-95.3182
-55.8236
0
210.362
0
281.662
-95.3182
-53.616
0
210.362
0
282.955
-95.3182
-51.4084
0
210.362
0
284.173
-95.3182
-49.3306
0
210.362
0
285.466
-95.3182
-47.123
0
210.362
0
286.683
-95.3182
-45.0453
0
210.362
0
287.976
-95.3182
-42.8377
0
210.362
0
289.269
-95.3182
-40.6301
0
210.362
0
290.487
-95.3182
-38.5524
0
210.362
0
291.856
-95.3182
-36.2149
0
210.362
0
293.073
-95.3182
-34.1372
0
210.362
0
294.29
-95.3182
-32.0594
0
210.362
0
295.583
-95.3182
-29.8518
0
210.362
0
296.877
-95.3182
-27.6442
0
210.362
0
298.094
-95.3182
-25.5665
0
210.362
0
299.387
-95.3182
-23.3589
0
210.362
0
300.68
-95.3182
-21.1513
0
210.362
0
301.973
-95.3182
-18.9437
0
210.362
0
303.267
-95.3182
-16.7361
0
210.362
0
304.484
-95.3182
-14.6584
0
210.362
0
305.701
-95.3182
-12.5806
0
210.362
0
306.918
-95.3182
-10.5029
0
210.362
0
308.211
-95.3182
-8.29527
0
210.362
0
309.505
-95.3182
-6.08767
0
210.362
0
310.874
-95.3182
-3.75021
0
210.362
0
312.167
-95.3182
-1.54262
0
210.362
0
313.308
-95.3182
0.405267
0
210.362
0
314.601
-95.3182
2.61287
0
210.362
0
315.895
-95.3182
4.82047
0
210.362
0
317.112
-95.3182
6.89821
0
210.362
0
318.329
-95.3182
8.97595
0
210.362
0
319.622
-95.3182
11.1835
0
210.362
0
320.991
-95.3182
13.521
0
210.362
0
322.285
-95.3182
15.7286
0
210.362
0
323.502
-95.3182
17.8063
0
210.362
0
324.719
-95.3182
19.8841
0
210.362
0
326.012
-95.3182
22.0917
0
210.362
0
327.305
-95.3182
24.2993
0
210.362
0
328.523
-95.3182
26.377
0
210.362
0
329.816
-95.3182
28.5846
0
210.362
0
331.033
-95.3182
30.6624
0
210.362
0
332.326
-95.3182
32.87
0
210.362
0
333.619
-95.3182
35.0776
0
207.803
0
334.813
-95.3182
37.3407
0
205.245
0
335.904
-95.3182
39.6548
0
202.652
0
336.844
-95.3182
41.9066
0
200.18
0
337.643
-95.3182
44.0818
0
197.833
0
338.458
-95.3182
46.6145
0
195.138
0
339.12
-95.3182
49.0625
0
192.57
0
339.679
-95.3182
51.569
0
189.97
0
340.157
-95.3182
54.2897
0
187.174
0
340.507
-95.3182
57.0643
0
184.343
0
340.721
-95.3182
59.8867
0
181.479
0
340.791
-95.3182
62.5818
0
181.479
0
340.865
-95.3182
65.4794
0
181.479
0
340.941
-95.3182
68.4109
0
181.479
0
341.013
-95.3182
71.202
0
181.479
0
341.091
-95.3182
74.2015
0
181.479
0
341.164
-95.3182
77.0565
0
181.479
0
341.248
-95.3182
80.3044
0
181.479
0
341.324
-95.3182
83.2235
0
181.479
0
341.405
-95.3182
86.3589
0
181.479
0
341.482
-95.3182
89.3419
0
181.479
0
341.564
-95.3182
92.5454
0
181.479
0
341.648
-95.3182
95.7828
0
181.479
0
341.727
-95.3182
98.8618
0
181.479
0
341.813
-95.3182
102.167
0
181.479
0
341.894
-95.3182
105.31
0
178.303
0
341.794
-95.3182
108.683
0
174.895
0
341.491
-95.3182
112.078
0
171.452
0
340.979
-95.3182
115.482
0
167.975
0
340.297
-95.3182
118.683
0
164.671
0
339.369
-95.3182
122.068
0
161.127
0
338.29
-95.3182
125.225
0
161.127
0
337.133
-95.3182
128.611
0
161.127
0
336.033
-95.3182
131.828
0
161.127
0
334.853
-95.3182
135.279
0
161.127
0
333.663
-95.3182
138.761
0
161.127
0
332.461
-95.3182
142.276
0
161.127
0
331.32
-95.3182
145.614
0
161.127
0
330.096
-95.3182
149.194
0
161.127
0
328.935
-95.3182
152.592
0
161.127
0
327.689
-95.3182
156.236
0
161.127
0
326.433
-95.3182
159.912
0
161.127
0
325.165
-95.3182
163.619
0
161.127
0
323.886
-95.3182
167.359
0
161.127
0
322.673
-95.3182
170.91
0
161.127
0
321.372
-95.3182
174.714
0
161.127
0
320.138
-95.3182
178.325
0
161.127
0
318.815
-95.3182
182.194
0
161.127
0
317.482
-95.3182
186.094
0
161.127
0
316.217
-95.3182
189.796
0
157.183
0
314.496
-95.3182
193.886
0
152.71
0
312.331
-95.3182
198.082
0
147.95
0
310.204
-95.3182
201.479
0
147.95
0
307.94
-95.3182
205.096
0
147.95
0
305.805
-95.3182
208.506
0
147.95
0
303.665
-95.3182
211.924
0
147.95
0
301.387
-95.3182
215.562
0
147.95
0
298.971
-95.3182
219.422
0
147.95
0
296.818
-95.3182
222.86
0
147.95
0
294.527
-95.3182
226.52
0
147.95
0
292.366
-95.3182
229.971
0
147.95
0
290.066
-95.3182
233.646
0
147.95
0
287.761
-95.3182
237.327
0
147.95
0
285.587
-95.3182
240.799
0
147.95
0
283.41
-95.3182
244.277
0
147.95
0
281.091
-95.3182
247.98
0
147.95
0
278.768
-95.3182
251.691
0
143.564
0
276.163
-95.3182
255.219
0
139.17
0
273.459
-95.3182
258.349
0
135.026
0
270.347
-95.3182
261.464
0
130.614
0
267.195
-95.3182
264.167
0
126.454
0
263.64
-95.3182
266.793
0
122.026
0
259.886
-95.3182
269.141
0
117.589
0
255.953
-95.3182
271.196
0
117.589
0
252.245
-95.3182
273.134
0
117.589
0
248.53
-95.3182
275.075
0
117.589
0
244.574
-95.3182
277.142
0
117.589
0
240.379
-95.3182
279.335
0
117.589
0
236.409
-95.3182
281.409
0
117.589
0
232.665
-95.3182
283.365
0
117.589
0
228.68
-95.3182
285.448
0
117.589
0
224.922
-95.3182
287.411
0
117.589
0
220.922
-95.3182
289.502
0
117.589
0
217.149
-95.3182
291.473
0
117.589
0
213.134
-95.3182
293.571
0
117.589
0
209.348
-95.3182
295.55
0
117.589
0
205.555
-95.3182
297.532
0
117.589
0
201.279
-95.3182
299.766
0
117.589
0
197.234
-95.3182
301.88
0
117.589
0
193.419
-95.3182
303.873
0
117.589
0
189.597
-95.3182
305.87
0
121.909
0
185.701
-95.3182
308.296
0
126.507
0
182.005
-95.3182
311.032
0
131.114
0
178.534
-95.3182
314.061
0
131.114
0
175.261
-95.3182
316.918
0
131.114
0
171.572
-95.3182
320.137
0
131.114
0
168.288
-95.3182
323.004
0
131.114
0
164.791
-95.3182
326.056
0
131.114
0
161.494
-95.3182
328.934
0
131.114
0
157.985
-95.3182
331.997
0
131.114
0
154.676
-95.3182
334.885
0
131.114
0
151.154
-95.3182
337.959
0
126.431
0
147.386
-95.3182
340.74
0
121.739
0
143.395
-95.3182
343.208
0
117.038
0
139.455
-95.3182
345.219
0
112.606
0
135.108
-95.3182
347.03
0
107.889
0
130.882
-95.3182
348.393
0
103.441
0
126.286
-95.3182
349.492
0
103.441
0
121.952
-95.3182
350.528
0
103.441
0
117.339
-95.3182
351.63
0
103.441
0
112.717
-95.3182
352.735
0
103.441
0
108.088
-95.3182
353.841
0
103.441
0
103.723
-95.3182
354.884
0
103.441
0
99.3499
-95.3182
355.929
0
103.441
0
94.6955
-95.3182
357.042
0
103.441
0
90.0328
-95.3182
358.156
0
103.441
0
85.3619
-95.3182
359.272
0
103.441
0
80.6826
-95.3182
360.391
0
103.441
0
75.9951
-95.3182
361.511
0
103.441
0
71.5756
-95.3182
362.567
0
103.441
0
66.8716
-95.3182
363.691
0
103.441
0
62.4365
-95.3182
364.751
0
103.441
0
57.7159
-95.3182
365.88
0
103.441
0
53.2653
-95.3182
366.943
0
103.441
0
48.5282
-95.3182
368.075
0
103.441
0
44.0619
-95.3182
369.143
0
103.441
0
39.3083
-95.3182
370.279
0
103.441
0
34.2663
-95.3182
371.484
0
103.441
0
29.4961
-95.3182
372.624
0
103.441
0
24.7177
-95.3182
373.766
0
103.441
0
19.931
-95.3182
374.91
0
103.441
0
15.4181
-95.3182
375.988
0
103.441
0
10.6149
-95.3182
377.136
0
103.441
0
5.80337
-95.3182
378.286
0
103.441
0
1.26712
-95.3182
379.37
0
103.441
0
-3.27692
-95.3182
380.456
0
103.441
0
-8.39771
-95.3182
381.68
0
103.441
0
-13.2423
-95.3182
382.838
0
103.441
0
-17.8097
-95.3182
383.929
0
103.441
0
-22.6708
-95.3182
385.091
0
103.441
0
-26.6808
-95.3182
386.05
0
99.311
0
-31.3386
-95.3182
386.813
0
94.583
0
-36.3461
-95.3182
387.215
0
89.551
0
-41.3779
-95.3182
387.175
0
89.551
0
-46.4183
-95.3182
387.136
0
89.551
0
-51.1701
-95.3182
387.098
0
89.551
0
-56.2275
-95.3182
387.059
0
89.551
0
-60.9953
-95.3182
387.021
0
89.551
0
-66.0697
-95.3182
386.982
0
89.551
0
-71.1525
-95.3182
386.942
0
89.551
0
-76.2439
-95.3182
386.902
0
89.551
0
-81.0437
-95.3182
386.864
0
89.551
0
-85.8516
-95.3182
386.827
0
89.551
0
-90.9684
-95.3182
386.787
0
89.551
0
-96.0938
-95.3182
386.746
0
89.551
0
-101.228
-95.3182
386.706
0
89.551
0
-106.37
-95.3182
386.666
0
89.551
0
-111.521
-95.3182
386.626
0
89.551
0
-116.377
-95.3182
386.587
0
89.551
0
-121.24
-95.3182
386.549
0
89.551
0
-126.417
-95.3182
386.509
0
89.551
0
-131.602
-95.3182
386.468
0
89.551
0
-136.795
-95.3182
386.427
0
89.551
0
-141.691
-95.3182
386.389
0
89.551
0
-146.901
-95.3182
386.348
0
89.551
0
-151.813
-95.3182
386.31
0
89.551
0
-157.04
-95.3182
386.269
0
89.551
0
-162.276
-95.3182
386.228
0
89.551
0
-167.521
-95.3182
386.187
0
89.551
0
-172.464
-95.3182
386.148
0
84.599
0
-177.703
-95.3182
385.653
0
79.329
0
-182.881
-95.3182
384.677
0
74.0505
0
-187.957
-95.3182
383.226
0
68.7635
0
-192.595
-95.3182
381.424
0
63.7795
0
-197.625
-95.3182
378.947
0
58.1635
0
-202.396
-95.3182
375.984
0
52.5385
0
-206.365
-95.3182
372.943
0
47.5305
0
-210.521
-95.3182
369.139
0
41.8875
0
-213.87
-95.3182
365.405
0
36.8635
0
-216.884
-95.3182
361.385
0
31.8315
0
-219.704
-95.3182
356.843
0
31.8315
0
-222.362
-95.3182
352.561
0
31.8315
0
-225.191
-95.3182
348.004
0
31.8315
0
-227.857
-95.3182
343.709
0
31.8315
0
-230.695
-95.3182
339.137
0
31.8315
0
-233.704
-95.3182
334.289
0
31.8315
0
-236.384
-95.3182
329.973
0
31.8315
0
-239.067
-95.3182
325.651
0
31.8315
0
-241.755
-95.3182
321.321
0
26.7275
0
-244.194
-95.3182
316.477
0
21.296
0
-246.283
-95.3182
311.119
0
15.536
0
-247.74
-95.3182
305.878
0
10.0875
0
-248.638
-95.3182
300.829
0
10.0875
0
-249.594
-95.3182
295.457
0
10.0875
0
-250.495
-95.3182
290.392
0
10.0875
0
-251.454
-95.3182
285.003
0
10.0875
0
-252.414
-95.3182
279.605
0
10.0875
0
-253.319
-95.3182
274.517
0
10.0875
0
-254.282
-95.3182
269.102
0
10.0875
0
-255.247
-95.3182
263.68
0
10.0875
0
-256.156
-95.3182
258.568
0
10.0875
0
-257.124
-95.3182
253.128
0
4.55399
0
-257.563
-95.3182
247.612
0
-0.988014
0
-257.474
-95.3182
242.397
0
359
0
-257.377
-95.3182
236.847
0
353.441
0
-256.742
-95.3182
231.325
0
347.874
0
-255.641
-95.3182
226.202
0
342.626
0
-253.976
-95.3182
220.88
0
337.041
0
-251.797
-95.3182
215.738
0
331.448
0
-249.282
-95.3182
211.114
0
326.176
0
-246.163
-95.3182
206.461
0
320.566
0
-242.6
-95.3182
202.128
0
314.948
0
-238.684
-95.3182
198.218
0
309.414
0
-234.722
-95.3182
194.963
0
304.286
0
-230.29
-95.3182
191.941
0
298.923
0
-225.942
-95.3182
189.539
0
293.955
0
-221.196
-95.3182
187.43
0
288.761
0
-216.359
-95.3182
185.787
0
283.653
0
-211.764
-95.3182
184.671
0
283.653
0
-206.965
-95.3182
183.505
0
283.653
0
-202.249
-95.3182
182.36
0
283.653
0
-197.888
-95.3182
181.3
0
283.653
0
-193.337
-95.3182
180.195
0
283.653
0
-188.868
-95.3182
179.11
0
283.653
0
-184.74
-95.3182
178.107
0
283.653
0
-180.437
-95.3182
177.062
0
283.653
0
-176.216
-95.3182
176.036
0
279.309
0
-172.261
-95.3182
175.388
0
275.301
0
-168.105
-95.3182
175.002
0
275.301
0
-164.034
-95.3182
174.625
0
275.301
0
-160.282
-95.3182
174.277
0
275.301
0
-156.381
-95.3182
173.915
0
275.301
0
-152.563
-95.3182
173.56
0
275.301
0
-149.05
-95.3182
173.234
0
275.301
0
-145.403
-95.3182
172.896
0
275.301
0
-141.839
-95.3182
172.565
0
275.301
0
-138.566
-95.3182
172.262
0
275.301
0
-135.172
-95.3182
171.947
0
275.301
0
-131.862
-95.3182
171.64
0
275.301
0
-128.827
-95.3182
171.358
0
275.301
0
-125.687
-95.3182
171.067
0
275.301
0
-122.632
-95.3182
170.783
0
275.301
0
-119.836
-95.3182
170.524
0
275.301
0
-116.95
-95.3182
170.256
0
275.301
0
-114.313
-95.3182
170.011
0
275.301
0
-111.596
-95.3182
169.759
0
275.301
0
-108.964
-95.3182
169.515
0
275.301
0
-106.567
-95.3182
169.293
0
275.301
0
-104.019
-95.3182
169.056
0
275.301
0
-101.471
-95.3182
168.82
0
275.301
0
-99.0737
-95.3182
168.597
0
275.301
0
-96.5262
-95.3182
168.361
0
275.301
0
-93.9786
-95.3182
168.125
0
275.301
0
-91.2812
-95.3182
167.874
0
275.301
0
-88.8835
-95.3182
167.652
0
275.301
0
-86.3359
-95.3182
167.415
0
275.301
0
-83.9382
-95.3182
167.193
0
275.301
0
-81.3907
-95.3182
166.957
0
275.301
0
-78.993
-95.3182
166.734
0
275.301
0
-76.5953
-95.3182
166.512
0
275.301
0
-74.0477
-95.3182
166.275
0
275.301
0
-71.5002
-95.3182
166.039
0
275.301
0
-69.1025
-95.3182
165.816
0
275.301
0
-66.5549
-95.3182
165.58
0
275.301
0
-64.0074
-95.3182
165.344
0
275.301
0
-61.4598
-95.3182
165.107
0
275.301
0
-58.9123
-95.3182
164.871
0
275.301
0
-56.3647
-95.3182
164.635
0
275.301
0
-53.967
-95.3182
164.412
0
275.301
0
-51.5693
-95.3182
164.19
0
275.301
0
-49.0217
-95.3182
163.953
0
275.301
0
-46.4742
-95.3182
163.717
0
275.301
0
-44.0765
-95.3182
163.494
0
275.301
0
-41.5289
-95.3182
163.258
0
275.301
0
-39.1312
-95.3182
163.036
0
275.301
0
-36.5837
-95.3182
162.799
0
275.301
0
-34.0361
-95.3182
162.563
0
275.301
0
-31.4886
-95.3182
162.326
0
275.301
0
-28.941
-95.3182
162.09
0
275.301
0
-26.3934
-95.3182
161.854
0
275.301
0
-23.9957
-95.3182
161.631
0
275.301
0
-21.598
-95.3182
161.409
0
275.301
0
-18.9006
-95.3182
161.158
0
275.301
0
-16.5029
-95.3182
160.936
0
275.301
0
-14.1052
-95.3182
160.714
0
275.301
0
-11.5577
-95.3182
160.477
0
275.301
0
-9.15996
-95.3182
160.255
0
275.301
0
-6.61241
-95.3182
160.018
0
275.301
0
-4.06485
-95.3182
159.782
0
275.301
0
-1.66715
-95.3182
159.559
0
275.301
0
0.880409
-95.3182
159.323
0
275.301
0
3.42797
-95.3182
159.087
0
275.301
0
5.97552
-95.3182
158.85
0
275.301
0
8.37323
-95.3182
158.628
0
275.301
0
10.9208
-95.3182
158.391
0
275.301
0
13.3185
-95.3182
158.169
0
275.301
0
15.866
-95.3182
157.933
0
275.301
0
18.4136
-95.3182
157.696
0
275.301
0
20.8113
-95.3182
157.474
0
275.301
0
23.3589
-95.3182
157.237
0
275.301
0
25.7566
-95.3182
157.015
0
275.301
0
28.3041
-95.3182
156.779
0
275.301
0
30.7018
-95.3182
156.556
0
275.301
0
33.2494
-95.3182
156.32
0
275.301
0
35.6471
-95.3182
156.097
0
275.301
0
38.1946
-95.3182
155.861
0
275.301
0
40.4425
-95.3182
155.652
0
275.301
0
42.6903
-95.3182
155.444
0
275.301
0
45.3877
-95.3182
155.193
0
275.301
0
47.7855
-95.3182
154.971
0
275.301
0
50.333
-95.3182
154.735
0
275.301
0
52.7307
-95.3182
154.512
0
275.301
0
55.2783
-95.3182
154.276
0
275.301
0
58.2754
-95.3182
153.998
0
278.311
0
60.5092
-95.3182
153.671
0
280.569
0
62.8763
-95.3182
153.23
0
282.977
0
65.3695
-95.3182
152.655
0
285.535
0
67.8345
-95.3182
151.97
0
288.094
0
70.1235
-95.3182
151.222
0
290.502
0
72.5199
-95.3182
150.326
0
293.06
0
75.0125
-95.3182
149.265
0
295.769
0
77.181
-95.3182
148.218
0
298.177
0
79.4363
-95.3182
147.01
0
300.736
0
81.5061
-95.3182
145.779
0
303.144
0
83.6483
-95.3182
144.381
0
305.702
0
85.726
-95.3182
142.887
0
308.261
0
87.7349
-95.3182
141.303
0
310.819
0
89.5572
-95.3182
139.729
0
313.227
0
91.4215
-95.3182
137.977
0
315.786
0
93.2056
-95.3182
136.143
0
318.344
0
94.8061
-95.3182
134.344
0
320.752
0
96.4248
-95.3182
132.363
0
323.311
0
97.9535
-95.3182
130.311
0
325.869
0
99.3046
-95.3182
128.318
0
328.277
0
100.65
-95.3182
126.141
0
330.836
0
101.897
-95.3182
123.907
0
333.394
0
102.975
-95.3182
121.754
0
335.802
0
104.024
-95.3182
119.421
0
338.361
0
104.912
-95.3182
117.182
0
340.769
0
105.755
-95.3182
114.767
0
343.327
0
106.489
-95.3182
112.316
0
345.886
0
107.113
-95.3182
109.834
0
348.444
0
107.595
-95.3182
107.475
0
350.852
0
108.002
-95.3182
104.949
0
353.411
0
108.278
-95.3182
102.557
0
355.819
0
108.465
-95.3182
100.005
0
358.377
0
108.537
-95.3182
97.448
0
0
0
108.537
-95.3182
94.8895
0
2.5585
0
108.43
-95.3182
92.4839
0
4.9665
0
108.221
-95.3182
90.085
0
7.3745
0
107.873
-95.3182
87.3984
0
10.0835
0
107.452
-95.3182
85.0276
0
12.4915
0
106.898
-95.3182
82.5296
0
15.05
0
106.273
-95.3182
80.2042
0
17.458
0
105.46
-95.3182
77.62
0
20.167
0
104.63
-95.3182
75.3596
0
22.575
0
103.648
-95.3182
72.9972
0
25.1335
0
102.561
-95.3182
70.6809
0
27.692
0
101.512
-95.3182
68.682
0
29.9495
0
100.235
-95.3182
66.4652
0
32.508
0
98.8599
-95.3182
64.3075
0
35.0665
0
97.39
-95.3182
62.2134
0
37.625
0
95.8281
-95.3182
60.187
0
37.625
0
94.358
-95.3182
58.2799
0
37.625
0
92.8879
-95.3182
56.3727
0
37.625
0
91.2341
-95.3182
54.2271
0
37.625
0
89.7641
-95.3182
52.3199
0
40.033
0
88.1184
-95.3182
50.3609
0
42.5915
0
86.3869
-95.3182
48.4773
0
45.15
0
84.6797
-95.3182
46.7791
0
47.558
0
82.7916
-95.3182
45.0525
0
50.1165
0
80.9439
-95.3182
43.5084
0
52.5245
0
78.9134
-95.3182
41.9518
0
55.083
0
76.5687
-95.3182
40.315
0
57.9425
0
74.6554
-95.3182
39.1168
0
60.2
0
72.4352
-95.3182
37.8453
0
62.7585
0
70.2943
-95.3182
36.7431
0
65.1665
0
67.9724
-95.3182
35.6685
0
65.1665
0
65.6505
-95.3182
34.594
0
65.1665
0
63.4651
-95.3182
33.5827
0
65.1665
0
61.1432
-95.3182
32.5082
0
65.1665
0
58.9579
-95.3182
31.4969
0
65.1665
0
56.6359
-95.3182
30.4223
0
65.1665
0
54.314
-95.3182
29.3478
0
65.1665
0
52.1287
-95.3182
28.3365
0
65.1665
0
49.8067
-95.3182
27.262
0
65.1665
0
47.6214
-95.3182
26.2506
0
65.1665
0
45.2995
-95.3182
25.1761
0
65.1665
0
42.9776
-95.3182
24.1016
0
65.1665
0
40.5191
-95.3182
22.9639
0
65.1665
0
38.3337
-95.3182
21.9525
0
67.5745
0
35.9687
-95.3182
20.9765
0
70.133
0
33.5625
-95.3182
20.107
0
72.6915
0
31.1198
-95.3182
19.3458
0
75.25
0
28.7912
-95.3182
18.7328
0
77.658
0
26.4388
-95.3182
18.2181
0
80.066
0
23.9187
-95.3182
17.7767
0
80.066
0
21.3986
-95.3182
17.3353
0
80.066
0
18.8784
-95.3182
16.8939
0
80.066
0
16.5065
-95.3182
16.4785
0
80.066
0
13.9864
-95.3182
16.0371
0
80.066
0
11.6145
-95.3182
15.6217
0
80.066
0
9.09434
-95.3182
15.1803
0
80.066
0
6.5742
-95.3182
14.739
0
80.066
0
4.05406
-95.3182
14.2976
0
80.066
0
1.68216
-95.3182
13.8822
0
80.066
0
-0.837977
-95.3182
13.4408
0
80.066
0
-3.20987
-95.3182
13.0254
0
80.066
0
-5.73001
-95.3182
12.584
0
80.066
0
-8.25016
-95.3182
12.1426
0
80.066
0
-10.7703
-95.3182
11.7013
0
80.066
0
-13.2904
-95.3182
11.2599
0
80.066
0
-15.6623
-95.3182
10.8445
0
80.066
0
-18.0342
-95.3182
10.4291
0
80.066
0
-20.7026
-95.3182
9.96172
0
80.066
0
-22.778
-95.3182
9.59823
0
80.066
0
-25.1499
-95.3182
9.18282
0
80.066
0
